128.695	540.522	150.282	507.31100000000004	1
451.677	419.3	453.338	390.24	2
374.46	729.828	385.254	697.447	3
270.674	799.572	291.431	822.82	4
446.695	607.7760000000001	463.301	583.697	5
432.581	736.47	452.507	714.883	6
214.215	582.037	229.16	560.4490000000001	7
385.254	626.042	394.387	603.624	8
275.656	465.79600000000005	289.771	443.37800000000004	9
183.494	678.35	190.136	654.272	10
377.781	834.445	395.218	817.008	11
273.995	550.4860000000001	278.147	572.0730000000001	12
122.883	613.588	125.374	590.34	13
324.643	807.0450000000001	334.606	787.118	14
295.583	719.865	308.037	698.277	15
346.23	678.35	351.212	655.1020000000001	16
303.055	611.927	315.51	601.964	17
363.667	787.118	383.593	774.664	18
536.367	611.097	548.821	593.6610000000001	19
415.144	789.609	421.787	768.8520000000001	20
386.084	723.186	410.163	718.2040000000001	21
301.395	402.694	321.322	417.639	22
237.463	667.556	246.596	645.969	23
153.603	692.465	173.53	704.089	24
411.823	404.355	434.241	406.01500000000004	25
150.282	507.31100000000004	165.227	491.535	26
188.476	638.4960000000001	202.591	621.8910000000001	27
503.155	650.12	510.628	671.7080000000001	28
411.823	681.671	421.787	663.405	29
341.249	587.849	354.533	571.243	30
338.758	782.967	341.249	762.2090000000001	31
433.411	443.37800000000004	442.544	422.62100000000004	32
548.821	728.998	562.936	744.773	33
376.951	453.34200000000004	396.878	451.68100000000004	34
491.531	488.21400000000006	500.664	499.00800000000004	35
275.656	420.961	295.583	430.09400000000005	36
528.064	713.222	550.482	712.392	37
327.134	544.674	343.74	553.807	38
367.818	709.071	383.593	694.126	39
231.651	666.726	235.802	645.969	40
365.327	415.97900000000004	366.988	393.56100000000004	41
244.105	567.091	264.032	562.94	42
310.528	822.82	325.473	814.518	43
528.894	655.932	529.724	634.345	44
322.152	602.7940000000001	336.267	587.849	45
513.949	645.969	529.724	634.345	46
351.212	448.36	364.497	434.245	47
217.536	611.097	226.669	629.363	48
254.068	660.914	270.674	656.763	49
357.855	591.1700000000001	359.515	572.0730000000001	50
274.826	600.303	277.317	579.546	51
363.667	787.118	374.46	799.572	52
298.074	484.89300000000003	311.358	477.42	53
352.043	741.452	366.988	730.658	54
476.586	441.718	480.737	421.79100000000005	55
535.536	571.243	541.348	554.637	56
271.504	680.011	278.977	660.914	57
496.513	728.168	511.458	718.2040000000001	58
132.016	658.423	145.301	666.726	59
315.51	601.964	320.492	582.867	60
180.173	673.368	185.154	654.272	61
326.304	655.932	327.964	636.005	62
476.586	459.15400000000005	489.87	472.439	63
543.839	672.538	554.633	688.3140000000001	64
396.878	652.611	405.181	635.1750000000001	65
427.599	662.575	442.544	651.7810000000001	66
355.364	631.854	371.139	620.23	67
128.695	540.522	131.186	559.619	68
427.599	662.575	436.732	680.011	69
281.468	729.828	295.583	719.865	70
219.196	658.423	231.651	643.4780000000001	71
214.215	742.282	228.329	749.755	72
212.554	601.964	219.196	583.697	73
315.51	531.389	327.134	544.674	74
459.15	711.562	468.283	706.58	75
247.426	543.8430000000001	266.523	539.692	76
461.641	629.363	469.944	616.0790000000001	77
585.354	757.2280000000001	593.657	768.8520000000001	78
159.415	533.8800000000001	169.379	517.274	79
234.141	606.115	240.784	623.551	80
362.006	415.97900000000004	364.497	434.245	81
430.92	710.731	446.695	711.562	82
505.646	503.15900000000005	520.591	491.535	83
205.081	721.5250000000001	217.536	709.071	84
368.648	641.817	379.442	627.703	85
480.737	413.488	498.173	413.488	86
374.46	417.639	384.424	401.86400000000003	87
235.802	627.703	243.275	644.308	88
361.176	805.384	366.988	821.1600000000001	89
438.393	575.394	454.168	565.431	90
443.374	447.53000000000003	450.847	430.92400000000004	91
142.81	538.8620000000001	146.131	557.128	92
235.802	685.8230000000001	237.463	667.556	93
339.588	409.33700000000005	355.364	416.809	94
390.236	768.0210000000001	406.842	759.719	95
193.457	620.23	200.1	602.7940000000001	96
166.058	675.029	173.53	688.3140000000001	97
539.688	654.272	543.839	672.538	98
372.8	675.029	388.575	668.3870000000001	99
301.395	402.694	309.698	386.91900000000004	100
347.061	781.306	352.873	767.191	101
304.716	456.663	320.492	447.53000000000003	102
175.191	588.6790000000001	176.852	572.0730000000001	103
414.314	443.37800000000004	425.108	445.869	104
288.941	540.522	292.262	557.128	105
181.003	538.8620000000001	189.306	555.4670000000001	106
293.092	672.538	300.565	685.8230000000001	107
260.711	671.7080000000001	270.674	656.763	108
246.596	645.969	254.068	660.914	109
278.147	680.841	293.092	672.538	110
463.301	449.19000000000005	476.586	459.15400000000005	111
504.816	811.196	508.137	794.591	112
172.7	657.5930000000001	180.173	673.368	113
522.252	514.783	530.555	499.838	114
184.324	636.005	193.457	620.23	115
246.596	645.969	260.711	635.1750000000001	116
365.327	463.305	376.951	453.34200000000004	117
397.708	629.363	409.332	616.909	118
313.019	677.52	320.492	689.974	119
304.716	552.9770000000001	308.037	569.5820000000001	120
304.716	547.165	319.661	552.146	121
415.144	654.272	425.108	643.4780000000001	122
364.497	612.7570000000001	366.157	595.321	123
303.886	724.0160000000001	316.34	712.392	124
125.374	617.739	141.149	620.23	125
151.113	664.235	157.755	649.29	126
179.342	491.535	195.948	486.55300000000005	127
307.207	799.572	322.152	792.9300000000001	128
415.144	654.272	420.956	638.4960000000001	129
548.821	728.998	556.294	744.773	130
473.265	441.718	476.586	459.15400000000005	131
155.264	644.308	164.397	630.193	132
222.517	583.697	233.311	569.5820000000001	133
315.51	567.091	319.661	552.146	134
299.734	629.363	299.734	612.7570000000001	135
267.353	612.7570000000001	283.959	612.7570000000001	136
323.813	463.305	332.116	450.021	137
250.747	582.037	263.202	571.243	138
197.609	680.841	206.742	666.726	139
251.578	686.653	264.862	681.671	140
318.001	700.768	334.606	700.768	141
366.988	393.56100000000004	383.593	397.713	142
454.168	565.431	466.622	557.128	143
254.899	618.569	267.353	612.7570000000001	144
328.794	664.235	335.437	679.1800000000001	145
379.442	439.22700000000003	394.387	432.58500000000004	146
277.317	642.648	291.431	639.327	147
195.948	728.998	210.063	737.301	148
499.834	494.85600000000005	507.307	481.572	149
408.502	773.8330000000001	414.314	763.04	150
244.105	769.682	252.408	755.567	151
158.585	592.0	175.191	588.6790000000001	152
553.803	755.567	555.463	772.173	153
244.935	472.439	259.05	463.305	154
210.893	558.789	223.348	547.995	155
385.254	697.447	396.878	702.4290000000001	156
366.988	821.1600000000001	367.818	835.275	157
176.852	572.0730000000001	187.645	562.11	158
401.86	427.603	406.842	413.488	159
151.943	635.1750000000001	156.925	619.4000000000001	160
320.492	447.53000000000003	323.813	463.305	161
487.38	655.1020000000001	503.155	650.12	162
495.682	469.117	495.682	453.34200000000004	163
247.426	712.392	252.408	728.168	164
301.395	531.389	304.716	547.165	165
495.682	469.117	503.985	455.833	166
281.468	660.0840000000001	287.28	645.969	167
300.565	685.8230000000001	310.528	674.1990000000001	168
394.387	402.694	403.52	403.52500000000003	169
221.687	486.55300000000005	232.481	499.00800000000004	170
225.008	585.358	227.499	601.964	171
274.826	528.068	275.656	544.674	172
397.708	656.763	411.823	658.423	173
572.069	775.494	586.184	767.191	174
427.599	690.8050000000001	436.732	680.011	175
435.902	631.854	439.223	616.909	176
143.64	571.243	158.585	565.431	177
181.003	538.8620000000001	190.966	533.05	178
245.766	601.964	252.408	587.849	179
348.721	609.436	359.515	599.473	180
391.896	747.264	405.181	742.282	181
274.826	694.956	290.601	699.107	182
341.249	762.2090000000001	345.4	748.094	183
533.045	763.87	533.876	749.755	184
208.403	637.666	220.027	634.345	185
133.677	576.225	141.149	590.34	186
473.265	602.7940000000001	484.058	594.491	187
225.839	670.047	227.499	685.8230000000001	188
489.87	472.439	491.531	488.21400000000006	189
363.667	654.272	366.988	670.047	190
304.716	456.663	305.546	472.439	191
497.343	710.731	511.458	718.2040000000001	192
394.387	603.624	410.993	603.624	193
261.541	704.9190000000001	267.353	719.034	194
429.259	749.755	432.581	736.47	195
523.082	692.465	528.064	707.4100000000001	196
298.074	785.457	303.055	775.494	197
173.53	704.089	173.53	688.3140000000001	198
280.638	600.303	294.753	595.321	199
393.557	598.642	402.69	587.018	200
479.077	689.144	493.192	682.5020000000001	201
497.343	710.731	503.155	699.107	202
322.982	470.778	337.928	474.09900000000005	203
369.479	593.6610000000001	385.254	591.1700000000001	204
380.272	800.403	381.103	816.178	205
262.371	743.113	266.523	753.076	206
307.207	743.943	320.492	735.64	207
131.186	631.854	141.149	620.23	208
141.149	590.34	143.64	601.133	209
288.941	540.522	301.395	531.389	210
274.826	694.956	278.147	680.841	211
388.575	781.306	403.52	778.815	212
505.646	773.003	515.609	765.5310000000001	213
374.46	432.58500000000004	374.46	417.639	214
376.951	453.34200000000004	379.442	439.22700000000003	215
151.943	670.047	152.773	681.671	216
397.708	687.4830000000001	411.823	681.671	217
180.173	513.953	183.494	500.668	218
505.646	778.815	513.119	788.779	219
364.497	683.332	377.781	684.162	220
435.902	597.812	442.544	608.606	221
220.027	538.031	231.651	531.389	222
465.792	582.867	467.453	567.922	223
530.555	600.303	530.555	585.358	224
151.113	664.235	166.058	667.556	225
359.515	572.0730000000001	373.63	574.5640000000001	226
481.568	635.1750000000001	486.549	621.8910000000001	227
132.016	658.423	132.016	644.308	228
191.797	592.0	200.1	602.7940000000001	229
294.753	595.321	303.055	606.115	230
504.816	602.7940000000001	509.797	613.588	231
249.917	704.089	249.917	689.144	232
272.335	758.888	288.11	757.2280000000001	233
300.565	770.5120000000001	312.189	762.2090000000001	234
373.63	574.5640000000001	385.254	582.867	235
346.23	678.35	354.533	689.974	236
185.154	696.617	197.609	691.635	237
329.625	612.7570000000001	343.74	616.0790000000001	238
454.998	613.588	469.944	616.0790000000001	239
321.322	724.0160000000001	333.776	715.713	240
305.546	687.4830000000001	318.001	694.956	241
249.087	605.2850000000001	263.202	601.133	242
366.988	449.19000000000005	367.818	435.076	243
367.818	764.7	371.139	751.416	244
396.878	451.68100000000004	404.351	442.548	245
432.581	580.376	436.732	594.491	246
470.774	566.261	484.058	571.243	247
320.492	689.974	334.606	685.8230000000001	248
171.04	631.024	172.7	644.308	249
374.46	729.828	386.084	723.186	250
415.975	727.337	425.108	716.543	251
417.635	582.867	432.581	580.376	252
541.348	554.637	553.803	552.146	253
213.384	676.69	225.839	670.047	254
442.544	651.7810000000001	450.017	640.157	255
302.225	585.358	308.037	575.394	256
474.095	705.75	479.907	692.465	257
231.651	637.666	235.802	627.703	258
261.541	792.1	270.674	799.572	259
334.606	700.768	334.606	685.8230000000001	260
149.452	615.248	149.452	600.303	261
272.335	758.888	278.977	768.8520000000001	262
278.977	486.55300000000005	283.129	472.439	263
498.173	688.3140000000001	509.797	680.011	264
316.34	712.392	318.001	700.768	265
570.409	758.888	582.863	756.397	266
128.695	540.522	142.81	538.8620000000001	267
332.116	816.178	346.23	812.857	268
365.327	463.305	366.988	449.19000000000005	269
369.479	593.6610000000001	371.139	579.546	270
516.44	740.6220000000001	527.233	733.98	271
537.197	735.64	538.858	749.755	272
356.194	649.29	356.194	635.1750000000001	273
217.536	611.097	227.499	601.964	274
264.862	700.768	274.826	694.956	275
409.332	616.909	410.993	603.624	276
399.369	807.0450000000001	409.332	800.403	277
117.901	600.303	122.883	613.588	278
141.979	649.29	155.264	644.308	279
487.38	589.509	493.192	577.0550000000001	280
409.332	800.403	415.144	789.609	281
341.249	762.2090000000001	352.873	767.191	282
251.578	686.653	251.578	672.538	283
352.043	467.45700000000005	365.327	463.305	284
326.304	655.932	337.097	657.5930000000001	285
417.635	744.773	428.429	733.98	286
172.7	644.308	176.852	654.272	287
534.706	516.444	541.348	505.65000000000003	288
162.737	602.7940000000001	175.191	596.152	289
415.975	727.337	428.429	733.98	290
183.494	678.35	197.609	680.841	291
238.293	730.658	252.408	728.168	292
310.528	674.1990000000001	313.019	660.0840000000001	293
530.555	600.303	536.367	611.097	294
285.619	615.248	299.734	612.7570000000001	295
395.218	673.368	397.708	687.4830000000001	296
523.082	692.465	533.045	687.4830000000001	297
479.907	583.697	484.058	571.243	298
172.7	644.308	184.324	636.005	299
463.301	449.19000000000005	473.265	441.718	300
313.019	660.0840000000001	326.304	655.932	301
348.721	561.279	354.533	571.243	302
406.011	587.018	417.635	582.867	303
481.568	608.606	484.058	621.8910000000001	304
567.918	762.2090000000001	572.069	775.494	305
380.272	800.403	388.575	791.269	306
320.492	582.867	333.776	584.528	307
534.706	731.489	548.821	728.998	308
175.191	596.152	177.682	608.606	309
157.755	583.697	166.058	573.734	310
410.163	718.2040000000001	418.466	708.241	311
506.476	512.292	515.609	521.426	312
202.591	682.5020000000001	213.384	676.69	313
306.377	728.168	318.831	724.0160000000001	314
472.434	677.52	484.889	671.7080000000001	315
475.756	647.629	481.568	635.1750000000001	316
552.142	705.75	559.615	694.956	317
268.183	476.59000000000003	278.977	467.45700000000005	318
446.695	607.7760000000001	446.695	593.6610000000001	319
361.176	767.191	363.667	778.815	320
499.834	470.778	510.628	461.64500000000004	321
311.358	813.687	322.982	806.215	322
410.163	670.878	421.787	663.405	323
141.979	654.272	151.113	664.235	324
203.421	547.995	213.384	538.8620000000001	325
292.262	557.128	304.716	552.9770000000001	326
308.867	646.799	313.019	660.0840000000001	327
190.136	578.716	191.797	592.0	328
354.533	833.614	367.818	835.275	329
463.301	671.7080000000001	464.962	658.423	330
469.944	616.0790000000001	473.265	602.7940000000001	331
530.555	585.358	530.555	572.0730000000001	332
290.601	699.107	303.886	695.7860000000001	333
428.429	616.0790000000001	429.259	629.363	334
499.834	470.778	507.307	481.572	335
504.816	602.7940000000001	512.288	592.0	336
120.392	591.1700000000001	124.543	577.885	337
454.168	565.431	467.453	567.922	338
273.165	752.246	273.165	738.1310000000001	339
521.421	758.888	532.215	749.755	340
423.447	747.264	432.581	736.47	341
533.045	763.87	541.348	773.003	342
312.189	762.2090000000001	319.661	772.173	343
281.468	729.828	288.941	738.1310000000001	344
193.457	513.953	198.439	503.15900000000005	345
232.481	703.259	236.632	715.713	346
367.818	719.034	374.46	729.828	347
359.515	572.0730000000001	371.139	579.546	348
381.103	816.178	395.218	817.008	349
465.792	582.867	479.907	583.697	350
363.667	787.118	363.667	778.815	351
173.53	688.3140000000001	181.003	677.52	352
411.823	745.604	418.466	757.2280000000001	353
440.883	406.01500000000004	448.356	397.713	354
251.578	741.452	252.408	728.168	355
322.152	792.9300000000001	322.982	806.215	356
382.763	684.162	389.406	673.368	357
131.186	559.619	141.979	567.922	358
494.852	705.75	501.495	694.956	359
387.745	645.139	396.878	652.611	360
344.57	596.982	348.721	609.436	361
486.549	709.071	492.361	719.865	362
195.948	574.5640000000001	200.1	563.77	363
261.541	590.34	263.202	601.133	364
159.415	533.8800000000001	162.737	544.674	365
239.954	743.943	251.578	741.452	366
329.625	444.209	336.267	433.415	367
545.5	522.2560000000001	556.294	515.614	368
305.546	687.4830000000001	313.019	677.52	369
450.847	430.92400000000004	456.659	442.548	370
509.797	613.588	521.421	611.097	371
203.421	530.559	213.384	538.8620000000001	372
190.966	701.598	197.609	691.635	373
282.298	548.825	292.262	557.128	374
521.421	742.282	532.215	749.755	375
186.815	710.731	188.476	723.186	376
280.638	600.303	283.959	612.7570000000001	377
340.418	464.966	342.079	452.512	378
346.23	812.857	358.685	809.5360000000001	379
474.095	705.75	486.549	709.071	380
213.384	643.4780000000001	220.027	634.345	381
142.81	538.8620000000001	154.434	534.71	382
221.687	486.55300000000005	234.141	483.232	383
281.468	729.828	288.941	738.1310000000001	384
226.669	729.828	234.972	720.695	385
525.573	518.104	534.706	516.444	386
530.555	499.838	541.348	505.65000000000003	387
548.821	593.6610000000001	560.445	588.6790000000001	388
116.24	574.5640000000001	117.901	562.94	389
180.173	513.953	185.154	525.577	390
456.659	637.666	458.319	649.29	391
527.233	557.128	527.233	545.504	392
398.539	793.76	399.369	807.0450000000001	393
252.408	728.168	265.692	727.337	394
197.609	691.635	210.063	694.956	395
299.734	732.3190000000001	306.377	728.168	396
322.152	602.7940000000001	329.625	612.7570000000001	397
357.024	386.088	366.988	393.56100000000004	398
494.022	805.384	500.664	794.591	399
205.081	721.5250000000001	215.045	728.998	400
328.794	664.235	337.097	657.5930000000001	401
127.034	570.413	131.186	559.619	402
190.966	533.05	203.421	530.559	403
298.074	785.457	300.565	797.082	404
273.165	738.1310000000001	281.468	729.828	405
294.753	464.966	304.716	456.663	406
522.252	722.356	531.385	731.489	407
288.11	573.734	295.583	582.037	408
325.473	728.168	334.606	721.5250000000001	409
395.218	673.368	402.69	666.726	410
419.296	622.721	428.429	616.0790000000001	411
441.714	671.7080000000001	444.205	660.0840000000001	412
538.858	552.146	546.33	543.8430000000001	413
501.495	635.1750000000001	507.307	625.212	414
254.899	630.193	254.899	618.569	415
307.207	743.943	313.849	753.9060000000001	416
401.86	427.603	410.163	435.906	417
450.017	699.107	455.829	689.974	418
275.656	719.034	281.468	729.828	419
249.917	704.089	261.541	704.9190000000001	420
425.938	704.9190000000001	425.938	692.465	421
525.573	569.5820000000001	527.233	557.128	422
180.173	610.2660000000001	186.815	601.133	423
265.692	640.157	272.335	649.29	424
125.374	590.34	127.864	581.206	425
430.92	710.731	439.223	702.4290000000001	426
197.609	691.635	200.93	703.259	427
238.293	732.3190000000001	239.954	743.943	428
269.014	790.4390000000001	269.014	778.815	429
332.116	557.128	343.74	553.807	430
346.23	812.857	349.552	824.481	431
496.513	728.168	498.173	739.792	432
214.215	491.535	219.196	501.499	433
486.549	621.8910000000001	498.173	621.8910000000001	434
199.269	651.7810000000001	201.76	663.405	435
501.495	694.956	513.949	693.2950000000001	436
142.81	679.1800000000001	151.943	670.047	437
513.949	750.585	521.421	742.282	438
318.831	573.734	320.492	582.867	439
395.218	817.008	399.369	807.0450000000001	440
523.082	683.332	529.724	674.1990000000001	441
397.708	435.906	408.502	440.88800000000003	442
414.314	703.259	419.296	692.465	443
492.361	719.865	497.343	710.731	444
141.979	574.5640000000001	146.961	585.358	445
492.361	640.157	501.495	635.1750000000001	446
499.834	582.867	500.664	572.903	447
535.536	538.8620000000001	546.33	543.8430000000001	448
371.139	751.416	382.763	753.076	449
231.651	531.389	234.972	543.013	450
385.254	582.867	397.708	582.037	451
556.294	515.614	557.954	527.238	452
229.16	560.4490000000001	230.82	550.4860000000001	453
410.163	670.878	411.823	681.671	454
137.828	657.5930000000001	145.301	666.726	455
166.058	667.556	172.7	657.5930000000001	456
256.559	773.8330000000001	263.202	763.87	457
354.533	689.974	364.497	683.332	458
400.199	792.9300000000001	409.332	800.403	459
419.296	622.721	425.938	632.684	460
266.523	557.128	273.995	550.4860000000001	461
383.593	601.964	385.254	591.1700000000001	462
200.93	488.21400000000006	208.403	491.535	463
233.311	751.416	239.954	743.943	464
180.173	630.193	182.664	618.569	465
358.685	809.5360000000001	362.006	820.33	466
452.507	572.903	454.168	583.697	467
294.753	738.1310000000001	299.734	732.3190000000001	468
316.34	712.392	318.831	724.0160000000001	469
153.603	615.248	162.737	606.945	470
195.948	728.998	205.081	721.5250000000001	471
195.948	574.5640000000001	205.081	582.037	472
388.575	668.3870000000001	397.708	662.575	473
503.155	650.12	513.949	645.969	474
560.445	754.7370000000001	567.918	762.2090000000001	475
141.149	590.34	146.131	600.303	476
291.431	639.327	299.734	636.005	477
406.842	782.136	408.502	773.8330000000001	478
463.301	671.7080000000001	472.434	677.52	479
139.489	635.1750000000001	151.943	635.1750000000001	480
119.562	550.4860000000001	126.204	541.3530000000001	481
181.003	538.8620000000001	190.966	533.05	482
219.196	658.423	225.839	667.556	483
383.593	758.888	390.236	768.0210000000001	484
513.949	750.585	521.421	758.888	485
539.688	576.225	540.518	587.849	486
514.779	479.081	516.44	467.45700000000005	487
521.421	762.2090000000001	533.045	763.87	488
464.962	689.974	473.265	681.671	489
557.954	527.238	565.427	519.7650000000001	490
563.766	748.094	573.73	752.246	491
169.379	517.274	180.173	513.953	492
210.063	665.896	213.384	676.69	493
239.954	699.938	249.917	704.089	494
260.711	671.7080000000001	264.862	681.671	495
268.183	763.04	271.504	773.8330000000001	496
296.413	818.669	299.734	807.875	497
304.716	640.9870000000001	313.849	644.308	498
201.76	558.789	203.421	547.995	499
236.632	715.713	247.426	712.392	500
347.061	781.306	353.703	787.118	501
410.163	435.906	420.956	432.58500000000004	502
481.568	608.606	489.87	602.7940000000001	503
131.186	559.619	142.81	559.619	504
278.977	486.55300000000005	288.941	480.74100000000004	505
142.81	538.8620000000001	151.943	545.504	506
321.322	417.639	329.625	425.942	507
441.714	671.7080000000001	450.017	680.011	508
195.948	498.177	200.93	488.21400000000006	509
282.298	548.825	288.941	540.522	510
491.531	488.21400000000006	499.834	494.85600000000005	511
573.73	752.246	582.863	756.397	512
345.4	748.094	352.043	741.452	513
382.763	753.076	391.896	747.264	514
418.466	708.241	425.108	716.543	515
383.593	601.964	394.387	603.624	516
182.664	618.569	193.457	620.23	517
536.367	611.097	537.197	622.721	518
332.116	833.614	343.74	832.784	519
530.555	585.358	540.518	587.849	520
556.294	515.614	565.427	519.7650000000001	521
253.238	663.405	260.711	671.7080000000001	522
376.951	768.0210000000001	383.593	758.888	523
540.518	587.849	548.821	593.6610000000001	524
479.077	647.629	482.398	658.423	525
414.314	763.04	421.787	768.8520000000001	526
152.773	681.671	153.603	692.465	527
164.397	548.825	175.191	546.3340000000001	528
220.027	538.031	223.348	547.995	529
239.123	689.144	239.954	699.938	530
264.862	700.768	267.353	689.974	531
333.776	715.713	337.097	705.75	532
198.439	503.15900000000005	209.233	500.668	533
261.541	590.34	265.692	582.867	534
454.998	613.588	455.829	624.3810000000001	535
342.909	709.071	344.57	719.865	536
175.191	546.3340000000001	181.003	538.8620000000001	537
189.306	555.4670000000001	195.948	564.601	538
292.262	434.245	296.413	440.057	539
283.129	793.76	289.771	786.288	540
336.267	433.415	346.23	437.56600000000003	541
445.035	655.932	454.168	660.914	542
364.497	612.7570000000001	371.139	620.23	543
195.948	709.071	204.251	714.883	544
244.935	472.439	247.426	482.40200000000004	545
265.692	640.157	275.656	642.648	546
293.092	566.261	297.243	576.225	547
366.988	449.19000000000005	376.951	453.34200000000004	548
433.411	443.37800000000004	443.374	447.53000000000003	549
446.695	593.6610000000001	449.186	583.697	550
521.421	742.282	527.233	733.98	551
188.476	638.4960000000001	192.627	645.969	552
257.39	747.264	266.523	753.076	553
493.192	601.964	502.325	607.7760000000001	554
522.252	722.356	528.064	713.222	555
534.706	516.444	540.518	525.577	556
339.588	409.33700000000005	340.418	416.809	557
146.961	585.358	157.755	583.697	558
166.058	573.734	176.852	572.0730000000001	559
279.807	793.76	279.807	782.967	560
343.74	699.107	354.533	697.447	561
346.23	437.56600000000003	347.891	448.36	562
396.878	451.68100000000004	398.539	440.88800000000003	563
321.322	417.639	332.116	415.97900000000004	564
158.585	565.431	158.585	554.637	565
371.139	620.23	379.442	627.703	566
385.254	591.1700000000001	393.557	598.642	567
479.077	647.629	487.38	655.1020000000001	568
170.209	617.739	180.173	614.418	569
234.972	720.695	238.293	730.658	570
277.317	642.648	287.28	645.969	571
303.055	592.0	306.377	601.964	572
310.528	822.82	311.358	813.687	573
344.57	596.982	354.533	593.6610000000001	574
409.332	735.64	414.314	727.337	575
427.599	690.8050000000001	437.562	687.4830000000001	576
456.659	637.666	461.641	629.363	577
505.646	503.15900000000005	506.476	512.292	578
541.348	505.65000000000003	546.33	497.34700000000004	579
166.058	667.556	175.191	672.538	580
209.233	500.668	214.215	491.535	581
212.554	601.964	217.536	611.097	582
294.753	595.321	299.734	586.1880000000001	583
299.734	807.875	304.716	798.7420000000001	584
345.4	566.261	354.533	571.243	585
372.8	675.029	377.781	684.162	586
459.15	711.562	468.283	706.58	587
464.962	435.906	473.265	441.718	588
466.622	652.611	475.756	647.629	589
529.724	634.345	533.045	625.212	590
363.667	654.272	371.139	647.629	591
112.919	585.358	120.392	591.1700000000001	592
229.16	560.4490000000001	233.311	569.5820000000001	593
273.995	478.25100000000003	278.977	486.55300000000005	594
436.732	680.011	441.714	671.7080000000001	595
297.243	576.225	308.037	575.394	596
335.437	679.1800000000001	346.23	678.35	597
343.74	832.784	354.533	833.614	598
428.429	616.0790000000001	439.223	616.909	599
456.659	442.548	464.962	435.906	600
494.852	705.75	503.155	699.107	601
524.743	492.365	530.555	499.838	602
178.512	533.8800000000001	185.154	525.577	603
208.403	651.7810000000001	213.384	643.4780000000001	604
327.964	636.005	337.928	634.345	605
142.81	679.1800000000001	152.773	681.671	606
219.196	728.168	226.669	729.828	607
265.692	727.337	268.183	737.301	608
326.304	617.739	330.455	626.042	609
327.964	636.005	330.455	626.042	610
353.703	725.677	363.667	723.186	611
388.575	791.269	398.539	793.76	612
432.581	606.115	442.544	608.606	613
500.664	621.0600000000001	503.155	611.097	614
585.354	757.2280000000001	586.184	767.191	615
326.304	655.932	328.794	664.235	616
332.116	450.021	342.079	452.512	617
414.314	763.04	421.787	768.8520000000001	618
446.695	607.7760000000001	454.998	613.588	619
486.549	621.8910000000001	493.192	630.193	620
210.063	737.301	215.045	728.998	621
256.559	783.797	261.541	792.1	622
439.223	616.909	442.544	608.606	623
179.342	491.535	183.494	500.668	624
234.972	543.013	244.105	543.8430000000001	625
238.293	486.55300000000005	247.426	482.40200000000004	626
289.771	443.37800000000004	292.262	434.245	627
425.108	643.4780000000001	434.241	644.308	628
499.004	818.669	504.816	811.196	629
515.609	521.426	522.252	514.783	630
193.457	620.23	202.591	621.8910000000001	631
528.894	655.932	529.724	665.896	632
264.862	681.671	267.353	689.974	633
239.123	689.144	249.917	689.144	634
207.572	701.598	210.063	694.956	635
413.484	591.1700000000001	417.635	582.867	636
352.043	467.45700000000005	354.533	457.49300000000005	637
320.492	735.64	325.473	728.168	638
343.74	832.784	349.552	824.481	639
443.374	413.488	451.677	419.3	640
484.889	671.7080000000001	493.192	677.52	641
327.134	548.825	332.116	557.128	642
493.192	630.193	498.173	621.8910000000001	643
117.901	600.303	120.392	591.1700000000001	644
193.457	555.4670000000001	201.76	558.789	645
388.575	791.269	388.575	781.306	646
396.878	702.4290000000001	406.842	700.768	647
413.484	591.1700000000001	415.144	601.133	648
456.659	659.254	458.319	649.29	649
529.724	538.031	533.045	529.7280000000001	650
535.536	538.8620000000001	543.009	531.389	651
162.737	602.7940000000001	170.209	609.436	652
484.058	594.491	489.87	602.7940000000001	653
343.74	553.807	348.721	561.279	654
270.674	656.763	278.977	660.914	655
437.562	687.4830000000001	442.544	694.956	656
110.428	581.206	116.24	574.5640000000001	657
127.864	636.005	132.016	644.308	658
151.943	635.1750000000001	155.264	644.308	659
339.588	630.193	348.721	626.8720000000001	660
341.249	587.849	344.57	596.982	661
351.212	448.36	354.533	457.49300000000005	662
364.497	683.332	369.479	675.859	663
378.612	646.799	387.745	645.139	664
441.714	671.7080000000001	450.847	668.3870000000001	665
515.609	521.426	522.252	527.238	666
292.262	557.128	293.092	566.261	667
533.045	687.4830000000001	540.518	684.993	668
252.408	755.567	261.541	758.058	669
168.549	651.7810000000001	172.7	644.308	670
188.476	723.186	195.948	728.998	671
232.481	499.00800000000004	239.123	492.365	672
327.134	779.645	335.437	782.967	673
383.593	774.664	390.236	768.0210000000001	674
400.199	792.9300000000001	406.842	786.288	675
493.192	630.193	501.495	635.1750000000001	676
208.403	707.4100000000001	217.536	709.071	677
436.732	594.491	446.695	593.6610000000001	678
224.178	706.58	225.008	696.617	679
268.183	476.59000000000003	269.014	486.55300000000005	680
367.818	835.275	377.781	834.445	681
382.763	684.162	383.593	694.126	682
384.424	401.86400000000003	394.387	402.694	683
427.599	606.115	428.429	616.0790000000001	684
548.821	728.998	552.142	719.865	685
225.008	696.617	232.481	703.259	686
225.008	505.65000000000003	232.481	499.00800000000004	687
313.849	575.394	320.492	582.867	688
511.458	481.572	518.931	488.21400000000006	689
415.975	657.5930000000001	421.787	663.405	690
479.907	583.697	487.38	589.509	691
116.24	574.5640000000001	124.543	577.885	692
131.186	631.854	139.489	635.1750000000001	693
166.058	675.029	175.191	672.538	694
244.105	567.091	244.935	576.225	695
259.05	478.25100000000003	261.541	469.117	696
277.317	579.546	283.129	573.734	697
305.546	807.875	307.207	799.572	698
337.928	474.09900000000005	340.418	464.966	699
374.46	826.142	377.781	834.445	700
394.387	695.7860000000001	397.708	687.4830000000001	701
406.842	759.719	406.842	751.416	702
406.842	413.488	407.672	404.355	703
496.513	809.5360000000001	504.816	811.196	704
498.173	785.457	500.664	794.591	705
538.027	675.859	540.518	684.993	706
554.633	688.3140000000001	559.615	694.956	707
556.294	515.614	559.615	507.31100000000004	708
367.818	764.7	376.951	768.0210000000001	709
199.269	651.7810000000001	204.251	644.308	710
205.912	606.115	210.063	612.7570000000001	711
409.332	666.726	411.823	658.423	712
448.356	397.713	453.338	390.24	713
337.928	474.09900000000005	346.23	469.94800000000004	714
356.194	649.29	363.667	654.272	715
251.578	672.538	260.711	671.7080000000001	716
267.353	612.7570000000001	269.014	604.4540000000001	717
269.014	486.55300000000005	278.977	486.55300000000005	718
353.703	787.118	363.667	787.118	719
367.818	719.034	367.818	709.071	720
453.338	671.7080000000001	463.301	671.7080000000001	721
420.126	441.718	420.956	432.58500000000004	722
121.222	562.94	127.034	570.413	723
181.003	703.259	186.815	710.731	724
397.708	629.363	405.181	635.1750000000001	725
406.011	771.3430000000001	411.823	763.87	726
473.265	681.671	479.077	689.144	727
214.215	491.535	221.687	486.55300000000005	728
141.979	567.922	142.81	559.619	729
233.311	751.416	234.972	760.549	730
247.426	712.392	249.917	704.089	731
259.05	478.25100000000003	268.183	476.59000000000003	732
306.377	601.964	315.51	601.964	733
332.116	566.261	332.116	557.128	734
354.533	833.614	354.533	824.481	735
442.544	422.62100000000004	450.847	425.112	736
494.852	818.669	496.513	809.5360000000001	737
512.288	741.452	513.949	750.585	738
520.591	664.235	529.724	665.896	739
523.912	687.4830000000001	533.045	687.4830000000001	740
146.131	557.128	155.264	555.4670000000001	741
186.815	710.731	195.948	709.071	742
226.669	629.363	235.802	627.703	743
365.327	415.97900000000004	374.46	417.639	744
127.034	570.413	127.864	577.0550000000001	745
184.324	596.152	191.797	592.0	746
190.136	578.716	195.948	574.5640000000001	747
306.377	523.916	314.68	527.238	748
200.93	703.259	208.403	707.4100000000001	749
224.178	706.58	232.481	703.259	750
251.578	741.452	257.39	747.264	751
255.729	484.89300000000003	259.05	478.25100000000003	752
294.753	595.321	303.055	592.0	753
303.886	695.7860000000001	305.546	687.4830000000001	754
315.51	567.091	318.831	573.734	755
327.964	573.734	332.116	566.261	756
364.497	700.768	367.818	709.071	757
406.011	587.018	413.484	591.1700000000001	758
406.842	786.288	415.144	789.609	759
450.017	680.011	453.338	671.7080000000001	760
458.319	649.29	466.622	652.611	761
385.254	697.447	394.387	695.7860000000001	762
187.645	733.149	195.948	728.998	763
237.463	667.556	246.596	669.2170000000001	764
484.058	571.243	492.361	573.734	765
323.813	772.173	327.134	779.645	766
165.227	649.29	172.7	644.308	767
267.353	689.974	274.826	694.956	768
288.11	573.734	293.092	566.261	769
289.771	768.0210000000001	294.753	760.549	770
301.395	531.389	306.377	523.916	771
493.192	577.0550000000001	499.834	582.867	772
503.985	455.833	510.628	461.64500000000004	773
509.797	619.4000000000001	515.609	626.042	774
527.233	545.504	532.215	552.9770000000001	775
385.254	591.1700000000001	385.254	582.867	776
230.82	743.113	239.954	743.943	777
406.842	700.768	414.314	703.259	778
442.544	422.62100000000004	443.374	413.488	779
171.04	631.024	180.173	630.193	780
210.063	659.254	219.196	658.423	781
269.014	572.903	278.147	572.0730000000001	782
425.108	759.719	425.938	768.8520000000001	783
513.949	693.2950000000001	523.082	692.465	784
519.761	656.763	528.894	655.932	785
418.466	635.1750000000001	425.938	632.684	786
413.484	628.533	418.466	635.1750000000001	787
545.5	522.2560000000001	552.142	528.898	788
312.189	762.2090000000001	313.849	753.9060000000001	789
190.136	519.7650000000001	193.457	513.953	790
233.311	569.5820000000001	241.614	567.091	791
235.802	627.703	240.784	623.551	792
254.899	630.193	260.711	635.1750000000001	793
263.202	571.243	264.032	562.94	794
271.504	796.251	279.807	793.76	795
333.776	584.528	334.606	576.225	796
425.108	445.869	433.411	443.37800000000004	797
448.356	449.19000000000005	456.659	446.70000000000005	798
394.387	402.694	403.52	403.52500000000003	799
525.573	518.104	528.894	525.577	800
119.562	554.637	126.204	559.619	801
124.543	625.212	129.525	631.854	802
158.585	554.637	164.397	548.825	803
187.645	562.11	192.627	568.752	804
204.251	714.883	208.403	707.4100000000001	805
204.251	644.308	208.403	651.7810000000001	806
230.82	550.4860000000001	234.972	543.013	807
240.784	623.551	248.256	619.4000000000001	808
244.105	769.682	251.578	773.8330000000001	809
262.371	743.113	268.183	737.301	810
290.601	776.3240000000001	297.243	781.306	811
348.721	626.8720000000001	355.364	631.854	812
354.533	824.481	362.006	820.33	813
374.46	432.58500000000004	379.442	439.22700000000003	814
385.254	626.042	391.896	631.024	815
409.332	616.909	414.314	623.551	816
412.654	687.4830000000001	419.296	692.465	817
522.252	533.8800000000001	529.724	538.031	818
533.045	529.7280000000001	540.518	525.577	819
189.306	525.577	190.966	533.05	820
175.191	596.152	184.324	596.152	821
199.269	651.7810000000001	208.403	651.7810000000001	822
201.76	558.789	210.893	558.789	823
205.081	582.037	214.215	582.037	824
214.215	691.635	223.348	691.635	825
318.831	573.734	327.964	573.734	826
454.168	583.697	463.301	583.697	827
455.829	689.974	464.962	689.974	828
247.426	482.40200000000004	255.729	484.89300000000003	829
374.46	821.99	381.103	816.178	830
445.865	578.716	452.507	572.903	831
549.651	750.585	556.294	744.773	832
527.233	545.504	529.724	538.031	833
403.52	778.815	406.011	771.3430000000001	834
117.901	562.94	119.562	554.637	835
133.677	576.225	141.979	574.5640000000001	836
137.828	643.4780000000001	139.489	635.1750000000001	837
229.99	733.98	238.293	732.3190000000001	838
260.711	635.1750000000001	265.692	640.157	839
265.692	727.337	267.353	719.034	840
280.638	780.476	288.941	778.815	841
297.243	474.09900000000005	305.546	472.439	842
334.606	576.225	337.928	569.5820000000001	843
349.552	613.588	351.212	621.8910000000001	844
364.497	801.2330000000001	366.157	792.9300000000001	845
436.732	680.011	437.562	687.4830000000001	846
446.695	711.562	446.695	703.259	847
480.737	421.79100000000005	480.737	413.488	848
529.724	674.1990000000001	538.027	675.859	849
548.821	543.8430000000001	548.821	535.54	850
548.821	535.54	552.142	528.898	851
227.499	601.964	234.141	606.115	852
259.05	587.018	265.692	582.867	853
269.844	576.225	277.317	579.546	854
277.317	773.003	280.638	780.476	855
285.619	475.76000000000005	293.092	472.439	856
319.661	552.146	327.134	548.825	857
322.152	792.9300000000001	327.134	787.118	858
337.928	569.5820000000001	345.4	566.261	859
363.667	723.186	366.988	730.658	860
425.108	759.719	430.09	753.9060000000001	861
438.393	575.394	445.865	578.716	862
439.223	702.4290000000001	442.544	694.956	863
508.137	794.591	513.119	788.779	864
197.609	691.635	198.439	684.162	865
322.982	470.778	323.813	463.305	866
395.218	750.585	401.86	748.9250000000001	867
273.995	550.4860000000001	282.298	548.825	868
479.907	592.0	479.907	583.697	869
244.935	576.225	250.747	582.037	870
256.559	773.8330000000001	261.541	780.476	871
297.243	781.306	303.055	775.494	872
383.593	774.664	388.575	781.306	873
401.86	748.9250000000001	405.181	742.282	874
425.108	716.543	430.92	710.731	875
498.173	688.3140000000001	501.495	694.956	876
210.063	612.7570000000001	217.536	611.097	877
232.481	703.259	239.954	699.938	878
270.674	656.763	272.335	649.29	879
157.755	583.697	158.585	592.0	880
163.567	621.8910000000001	164.397	630.193	881
251.578	773.8330000000001	252.408	782.136	882
289.771	786.288	298.074	785.457	883
391.066	639.327	391.896	631.024	884
449.186	688.3140000000001	450.017	680.011	885
456.659	659.254	464.962	658.423	886
509.797	680.011	510.628	671.7080000000001	887
510.628	671.7080000000001	518.931	670.878	888
546.33	689.144	554.633	688.3140000000001	889
452.507	572.903	454.168	565.431	890
337.097	705.75	342.909	709.071	891
308.867	646.799	313.849	644.308	892
146.131	557.128	151.113	550.4860000000001	893
145.301	666.726	151.113	664.235	894
149.452	600.303	156.925	597.812	895
163.567	566.261	166.058	573.734	896
165.227	491.535	172.7	489.04400000000004	897
188.476	500.668	195.948	498.177	898
223.348	547.995	230.82	550.4860000000001	899
272.335	649.29	275.656	642.648	900
288.11	757.2280000000001	294.753	760.549	901
302.225	822.82	308.037	826.972	902
308.037	569.5820000000001	315.51	567.091	903
334.606	414.31800000000004	339.588	409.33700000000005	904
366.157	792.9300000000001	369.479	799.572	905
440.883	406.01500000000004	443.374	413.488	906
518.931	488.21400000000006	520.591	481.572	907
321.322	443.37800000000004	329.625	444.209	908
259.05	753.076	266.523	753.076	909
415.144	601.133	423.447	601.964	910
480.737	413.488	481.568	405.185	911
444.205	660.0840000000001	450.847	665.066	912
156.925	619.4000000000001	163.567	621.8910000000001	913
156.925	597.812	162.737	602.7940000000001	914
163.567	621.8910000000001	170.209	617.739	915
181.003	703.259	185.154	696.617	916
204.251	644.308	208.403	637.666	917
265.692	582.867	269.844	576.225	918
304.716	817.839	310.528	822.82	919
351.212	655.1020000000001	356.194	649.29	920
357.855	591.1700000000001	363.667	596.152	921
418.466	757.2280000000001	425.108	759.719	922
425.938	597.812	432.581	601.964	923
455.829	624.3810000000001	461.641	629.363	924
493.192	682.5020000000001	498.173	688.3140000000001	925
285.619	475.76000000000005	288.941	480.74100000000004	926
337.097	657.5930000000001	344.57	655.1020000000001	927
176.852	654.272	185.154	654.272	928
227.499	685.8230000000001	235.802	685.8230000000001	929
267.353	719.034	275.656	719.034	930
288.941	480.74100000000004	297.243	480.74100000000004	931
481.568	635.1750000000001	489.87	635.1750000000001	932
486.549	709.071	494.852	709.071	933
529.724	674.1990000000001	529.724	665.896	934
550.482	712.392	552.142	705.75	935
290.601	776.3240000000001	294.753	770.5120000000001	936
299.734	732.3190000000001	305.546	738.1310000000001	937
318.831	476.59000000000003	322.982	470.778	938
141.149	590.34	146.961	585.358	939
511.458	718.2040000000001	518.1	722.356	940
175.191	596.152	175.191	588.6790000000001	941
208.403	651.7810000000001	210.063	659.254	942
220.027	634.345	227.499	632.684	943
235.802	645.969	243.275	644.308	944
261.541	792.1	269.014	790.4390000000001	945
261.541	780.476	269.014	778.815	946
267.353	473.269	269.014	467.45700000000005	947
268.183	544.674	275.656	544.674	948
291.431	645.969	298.074	648.46	949
293.092	472.439	294.753	464.966	950
299.734	732.3190000000001	299.734	724.846	951
302.225	822.82	303.055	829.4630000000001	952
327.134	787.118	327.134	779.645	953
354.533	697.447	354.533	689.974	954
367.818	435.076	374.46	432.58500000000004	955
387.745	645.139	391.066	639.327	956
410.163	718.2040000000001	411.823	725.677	957
410.993	633.515	418.466	635.1750000000001	958
515.609	765.5310000000001	521.421	762.2090000000001	959
550.482	712.392	552.142	719.865	960
406.842	751.416	411.823	745.604	961
137.828	643.4780000000001	141.979	649.29	962
180.173	630.193	184.324	636.005	963
186.815	513.123	190.136	519.7650000000001	964
219.196	501.499	225.008	505.65000000000003	965
223.348	691.635	227.499	685.8230000000001	966
256.559	783.797	261.541	780.476	967
264.032	562.94	266.523	557.128	968
289.771	443.37800000000004	296.413	440.057	969
326.304	617.739	329.625	612.7570000000001	970
342.079	452.512	347.891	448.36	971
380.272	768.0210000000001	383.593	774.664	972
414.314	763.04	418.466	757.2280000000001	973
452.507	714.883	459.15	711.562	974
484.058	594.491	487.38	589.509	975
540.518	525.577	543.009	531.389	976
560.445	754.7370000000001	563.766	748.094	977
166.058	675.029	166.058	667.556	978
185.154	696.617	190.966	701.598	979
208.403	637.666	213.384	643.4780000000001	980
305.546	472.439	311.358	477.42	981
340.418	464.966	346.23	469.94800000000004	982
354.533	593.6610000000001	359.515	599.473	983
425.938	704.9190000000001	430.92	710.731	984
187.645	562.11	189.306	555.4670000000001	985
586.184	767.191	593.657	768.8520000000001	986
207.572	701.598	208.403	707.4100000000001	987
540.518	684.993	546.33	689.144	988
124.543	625.212	125.374	617.739	989
170.209	609.436	177.682	608.606	990
238.293	602.7940000000001	245.766	601.964	991
288.941	778.815	289.771	786.288	992
311.358	477.42	318.831	476.59000000000003	993
324.643	807.0450000000001	325.473	814.518	994
325.473	814.518	332.116	816.178	995
334.606	721.5250000000001	342.079	722.356	996
344.57	719.865	352.043	719.034	997
366.988	730.658	374.46	729.828	998
371.139	647.629	378.612	646.799	999
439.223	702.4290000000001	446.695	703.259	1000
493.192	601.964	500.664	601.133	1001
519.761	656.763	520.591	664.235	1002
543.839	771.3430000000001	551.312	772.173	1003
164.397	630.193	171.04	631.024	1004
207.572	619.4000000000001	210.063	612.7570000000001	1005
217.536	709.071	224.178	706.58	1006
228.329	749.755	230.82	743.113	1007
267.353	547.995	273.995	550.4860000000001	1008
291.431	822.82	296.413	818.669	1009
318.001	694.956	320.492	689.974	1010
327.964	573.734	334.606	576.225	1011
332.116	566.261	337.928	569.5820000000001	1012
334.606	685.8230000000001	335.437	679.1800000000001	1013
394.387	695.7860000000001	396.878	702.4290000000001	1014
429.259	629.363	435.902	631.854	1015
446.695	711.562	452.507	714.883	1016
450.017	640.157	456.659	637.666	1017
500.664	499.00800000000004	505.646	503.15900000000005	1018
503.155	611.097	509.797	613.588	1019
173.53	704.089	181.003	703.259	1020
261.541	469.117	267.353	473.269	1021
366.988	821.1600000000001	374.46	821.99	1022
168.549	651.7810000000001	172.7	657.5930000000001	1023
249.087	666.726	251.578	672.538	1024
269.014	604.4540000000001	274.826	600.303	1025
292.262	434.245	296.413	440.057	1026
334.606	414.31800000000004	338.758	420.13000000000005	1027
363.667	787.118	366.157	792.9300000000001	1028
527.233	621.0600000000001	533.045	625.212	1029
543.009	531.389	548.821	535.54	1030
315.51	601.964	322.152	602.7940000000001	1031
361.176	767.191	367.818	764.7	1032
208.403	491.535	214.215	491.535	1033
155.264	644.308	157.755	649.29	1034
157.755	649.29	165.227	649.29	1035
308.037	698.277	315.51	698.277	1036
327.134	787.118	334.606	787.118	1037
330.455	626.042	337.928	626.042	1038
500.664	794.591	508.137	794.591	1039
542.179	750.585	549.651	750.585	1040
204.251	714.883	205.081	721.5250000000001	1041
257.39	747.264	262.371	743.113	1042
437.562	646.799	442.544	651.7810000000001	1043
272.335	758.888	273.165	752.246	1044
210.063	665.896	210.063	659.254	1045
234.972	760.549	239.123	764.7	1046
269.014	790.4390000000001	271.504	796.251	1047
269.014	467.45700000000005	275.656	465.79600000000005	1048
291.431	645.969	291.431	639.327	1049
297.243	480.74100000000004	297.243	474.09900000000005	1050
303.055	634.345	304.716	640.9870000000001	1051
337.097	700.768	343.74	699.107	1052
352.043	719.034	353.703	725.677	1053
366.988	670.047	369.479	675.859	1054
419.296	692.465	425.938	692.465	1055
449.186	688.3140000000001	455.829	689.974	1056
518.931	670.878	520.591	664.235	1057
522.252	533.8800000000001	522.252	527.238	1058
522.252	527.238	528.894	525.577	1059
464.962	658.423	466.622	652.611	1060
151.113	550.4860000000001	155.264	555.4670000000001	1061
151.943	545.504	156.925	541.3530000000001	1062
156.925	541.3530000000001	162.737	544.674	1063
186.815	650.12	186.815	644.308	1064
192.627	568.752	195.948	574.5640000000001	1065
195.118	706.58	200.93	703.259	1066
252.408	755.567	256.559	750.585	1067
263.202	601.133	269.014	604.4540000000001	1068
278.977	467.45700000000005	283.129	472.439	1069
295.583	719.865	299.734	724.846	1070
298.074	648.46	303.886	645.139	1071
352.873	767.191	358.685	763.87	1072
397.708	662.575	402.69	666.726	1073
406.842	759.719	411.823	763.87	1074
410.163	739.792	411.823	745.604	1075
420.126	441.718	425.108	445.869	1076
445.865	694.126	449.186	688.3140000000001	1077
489.87	472.439	495.682	469.117	1078
527.233	557.128	532.215	552.9770000000001	1079
538.027	675.859	543.839	672.538	1080
299.734	636.005	299.734	629.363	1081
264.862	681.671	271.504	680.011	1082
397.708	582.037	402.69	587.018	1083
186.815	513.123	193.457	513.953	1084
205.912	602.7940000000001	212.554	601.964	1085
212.554	502.329	219.196	501.499	1086
213.384	538.8620000000001	220.027	538.031	1087
243.275	491.535	249.917	492.365	1088
248.256	619.4000000000001	254.899	618.569	1089
252.408	587.849	259.05	587.018	1090
259.05	753.076	261.541	758.058	1091
271.504	680.011	278.147	680.841	1092
278.977	486.55300000000005	282.298	490.70500000000004	1093
302.225	585.358	303.055	592.0	1094
355.364	416.809	362.006	415.97900000000004	1095
419.296	705.75	425.938	704.9190000000001	1096
435.902	631.854	436.732	638.4960000000001	1097
484.058	665.066	484.889	671.7080000000001	1098
532.215	552.9770000000001	538.858	552.146	1099
553.803	755.567	560.445	754.7370000000001	1100
337.097	705.75	342.909	709.071	1101
189.306	525.577	190.136	519.7650000000001	1102
192.627	645.969	195.118	651.7810000000001	1103
201.76	663.405	206.742	666.726	1104
234.972	720.695	236.632	715.713	1105
329.625	444.209	332.116	450.021	1106
343.74	616.0790000000001	349.552	613.588	1107
346.23	469.94800000000004	352.043	467.45700000000005	1108
368.648	641.817	371.139	647.629	1109
410.993	603.624	415.144	601.133	1110
417.635	744.773	423.447	747.264	1111
421.787	663.405	427.599	662.575	1112
423.447	747.264	429.259	749.755	1113
434.241	644.308	436.732	638.4960000000001	1114
450.847	425.112	451.677	419.3	1115
489.87	635.1750000000001	493.192	630.193	1116
496.513	777.985	501.495	781.306	1117
507.307	625.212	513.119	627.703	1118
514.779	479.081	520.591	481.572	1119
180.173	513.953	186.815	513.123	1120
266.523	753.076	273.165	752.246	1121
144.47	619.4000000000001	149.452	615.248	1122
190.966	701.598	195.118	706.58	1123
210.063	737.301	214.215	742.282	1124
227.499	632.684	231.651	637.666	1125
420.956	638.4960000000001	425.108	643.4780000000001	1126
445.865	694.126	450.017	699.107	1127
535.536	571.243	539.688	576.225	1128
549.651	750.585	553.803	755.567	1129
344.57	655.1020000000001	351.212	655.1020000000001	1130
402.69	666.726	409.332	666.726	1131
428.429	733.98	432.581	736.47	1132
556.294	744.773	562.936	744.773	1133
334.606	414.31800000000004	340.418	416.809	1134
151.113	664.235	151.943	670.047	1135
156.925	597.812	158.585	592.0	1136
178.512	533.8800000000001	181.003	538.8620000000001	1137
186.815	644.308	192.627	645.969	1138
195.948	498.177	198.439	503.15900000000005	1139
200.1	602.7940000000001	205.912	602.7940000000001	1140
226.669	729.828	229.99	733.98	1141
231.651	643.4780000000001	231.651	637.666	1142
250.747	582.037	252.408	587.849	1143
261.541	758.058	263.202	763.87	1144
261.541	465.79600000000005	265.692	467.45700000000005	1145
263.202	571.243	269.014	572.903	1146
268.183	476.59000000000003	273.995	478.25100000000003	1147
295.583	582.037	297.243	576.225	1148
303.055	611.927	303.055	606.115	1149
303.055	606.115	306.377	601.964	1150
304.716	552.9770000000001	304.716	547.165	1151
305.546	807.875	307.207	813.687	1152
308.037	575.394	308.037	569.5820000000001	1153
329.625	425.942	335.437	427.603	1154
332.116	420.961	337.097	423.451	1155
362.006	820.33	366.988	821.1600000000001	1156
379.442	627.703	385.254	626.042	1157
391.896	631.024	397.708	629.363	1158
397.708	662.575	397.708	656.763	1159
398.539	440.88800000000003	404.351	442.548	1160
405.181	635.1750000000001	410.993	633.515	1161
414.314	703.259	419.296	705.75	1162
414.314	443.37800000000004	420.126	441.718	1163
502.325	607.7760000000001	504.816	602.7940000000001	1164
505.646	778.815	505.646	773.003	1165
514.779	461.64500000000004	516.44	467.45700000000005	1166
528.064	713.222	528.064	707.4100000000001	1167
552.142	528.898	557.954	527.238	1168
121.222	562.94	126.204	559.619	1169
246.596	669.2170000000001	251.578	672.538	1170
268.183	763.04	272.335	758.888	1171
295.583	582.037	299.734	586.1880000000001	1172
345.4	566.261	348.721	561.279	1173
354.533	697.447	359.515	700.768	1174
363.667	723.186	367.818	719.034	1175
423.447	601.964	427.599	606.115	1176
445.865	578.716	449.186	583.697	1177
482.398	658.423	487.38	655.1020000000001	1178
528.894	525.577	533.045	529.7280000000001	1179
540.518	525.577	545.5	522.2560000000001	1180
273.995	550.4860000000001	275.656	544.674	1181
509.797	619.4000000000001	509.797	613.588	1182
185.154	654.272	186.815	650.12	1183
283.129	472.439	285.619	475.76000000000005	1184
305.546	738.1310000000001	307.207	743.943	1185
308.037	575.394	313.849	575.394	1186
308.037	826.972	310.528	822.82	1187
132.016	658.423	137.828	657.5930000000001	1188
132.016	644.308	137.828	643.4780000000001	1189
169.379	611.927	170.209	617.739	1190
195.948	486.55300000000005	200.93	488.21400000000006	1191
225.839	667.556	231.651	666.726	1192
229.16	739.792	229.99	733.98	1193
231.651	666.726	237.463	667.556	1194
238.293	486.55300000000005	239.123	492.365	1195
249.917	492.365	255.729	491.535	1196
266.523	539.692	268.183	544.674	1197
271.504	773.8330000000001	277.317	773.003	1198
333.776	715.713	334.606	721.5250000000001	1199
335.437	427.603	336.267	433.415	1200
374.46	799.572	380.272	800.403	1201
382.763	753.076	383.593	758.888	1202
411.823	681.671	412.654	687.4830000000001	1203
468.283	706.58	474.095	705.75	1204
469.944	560.4490000000001	470.774	566.261	1205
153.603	615.248	156.925	619.4000000000001	1206
184.324	596.152	186.815	601.133	1207
190.136	654.272	195.118	651.7810000000001	1208
192.627	568.752	195.948	564.601	1209
202.591	621.8910000000001	207.572	619.4000000000001	1210
234.141	483.232	238.293	486.55300000000005	1211
261.541	704.9190000000001	264.862	700.768	1212
264.032	552.146	267.353	547.995	1213
264.032	552.146	266.523	557.128	1214
264.032	489.04400000000004	269.014	486.55300000000005	1215
269.014	778.815	271.504	773.8330000000001	1216
269.844	525.577	274.826	528.068	1217
289.771	768.0210000000001	294.753	770.5120000000001	1218
300.565	770.5120000000001	303.055	775.494	1219
303.055	829.4630000000001	308.037	826.972	1220
329.625	425.942	332.116	420.961	1221
348.721	626.8720000000001	351.212	621.8910000000001	1222
371.139	579.546	373.63	574.5640000000001	1223
393.557	598.642	394.387	603.624	1224
401.86	748.9250000000001	406.842	751.416	1225
405.181	742.282	410.163	739.792	1226
410.993	633.515	413.484	628.533	1227
432.581	601.964	435.902	597.812	1228
450.847	665.066	454.168	660.914	1229
489.87	635.1750000000001	492.361	640.157	1230
492.361	724.846	496.513	728.168	1231
498.173	785.457	501.495	781.306	1232
499.004	453.34200000000004	503.985	455.833	1233
525.573	569.5820000000001	530.555	572.0730000000001	1234
411.823	745.604	417.635	744.773	1235
127.864	577.0550000000001	133.677	576.225	1236
529.724	538.031	535.536	538.8620000000001	1237
321.322	724.0160000000001	325.473	728.168	1238
548.821	543.8430000000001	552.972	547.995	1239
172.7	657.5930000000001	176.852	654.272	1240
184.324	640.157	184.324	636.005	1241
501.495	694.956	503.155	699.107	1242
274.826	600.303	280.638	600.303	1243
288.941	738.1310000000001	294.753	738.1310000000001	1244
294.753	770.5120000000001	300.565	770.5120000000001	1245
299.734	807.875	305.546	807.875	1246
338.758	782.967	344.57	782.967	1247
389.406	673.368	395.218	673.368	1248
450.847	430.92400000000004	450.847	425.112	1249
120.392	591.1700000000001	125.374	590.34	1250
122.883	613.588	125.374	617.739	1251
126.204	559.619	131.186	559.619	1252
141.979	654.272	141.979	649.29	1253
167.718	512.292	169.379	517.274	1254
180.173	614.418	182.664	618.569	1255
200.1	563.77	201.76	558.789	1256
214.215	582.037	219.196	583.697	1257
223.348	691.635	225.008	696.617	1258
228.329	749.755	233.311	751.416	1259
278.147	572.0730000000001	283.129	573.734	1260
300.565	685.8230000000001	305.546	687.4830000000001	1261
303.886	645.139	308.867	646.799	1262
313.849	575.394	318.831	573.734	1263
332.116	420.961	332.116	415.97900000000004	1264
334.606	787.118	335.437	782.967	1265
337.097	705.75	337.097	700.768	1266
364.497	801.2330000000001	369.479	799.572	1267
377.781	684.162	382.763	684.162	1268
410.163	440.88800000000003	410.163	435.906	1269
443.374	447.53000000000003	448.356	449.19000000000005	1270
492.361	724.846	492.361	719.865	1271
492.361	573.734	497.343	572.0730000000001	1272
493.192	682.5020000000001	493.192	677.52	1273
494.852	782.967	496.513	777.985	1274
516.44	740.6220000000001	521.421	742.282	1275
570.409	758.888	572.899	754.7370000000001	1276
292.262	434.245	295.583	430.09400000000005	1277
137.828	657.5930000000001	141.979	654.272	1278
210.063	694.956	214.215	691.635	1279
234.141	606.115	238.293	602.7940000000001	1280
249.087	666.726	253.238	663.405	1281
359.515	599.473	363.667	596.152	1282
446.695	703.259	450.017	699.107	1283
184.324	640.157	186.815	644.308	1284
427.599	606.115	432.581	606.115	1285
151.113	550.4860000000001	151.943	545.504	1286
158.585	565.431	163.567	566.261	1287
175.191	672.538	180.173	673.368	1288
256.559	488.21400000000006	261.541	487.384	1289
263.202	763.87	268.183	763.04	1290
268.183	737.301	273.165	738.1310000000001	1291
300.565	797.082	304.716	798.7420000000001	1292
335.437	427.603	337.097	423.451	1293
388.575	668.3870000000001	389.406	673.368	1294
396.878	428.43300000000005	401.86	427.603	1295
397.708	435.906	398.539	440.88800000000003	1296
413.484	628.533	414.314	623.551	1297
414.314	623.551	419.296	622.721	1298
500.664	601.133	504.816	602.7940000000001	1299
523.082	692.465	523.912	687.4830000000001	1300
530.555	572.0730000000001	535.536	571.243	1301
110.428	581.206	112.919	585.358	1302
141.979	574.5640000000001	143.64	571.243	1303
172.7	489.04400000000004	176.852	491.535	1304
231.651	643.4780000000001	235.802	645.969	1305
297.243	781.306	298.074	785.457	1306
303.886	724.0160000000001	306.377	728.168	1307
303.886	695.7860000000001	308.037	698.277	1308
304.716	817.839	307.207	813.687	1309
320.492	447.53000000000003	321.322	443.37800000000004	1310
338.758	420.13000000000005	340.418	416.809	1311
358.685	809.5360000000001	361.176	805.384	1312
391.896	747.264	395.218	750.585	1313
394.387	432.58500000000004	396.878	428.43300000000005	1314
410.163	440.88800000000003	414.314	443.37800000000004	1315
423.447	601.964	425.938	597.812	1316
432.581	580.376	436.732	577.885	1317
442.544	651.7810000000001	445.035	655.932	1318
479.907	592.0	484.058	594.491	1319
494.022	805.384	496.513	809.5360000000001	1320
501.495	781.306	505.646	778.815	1321
527.233	733.98	531.385	731.489	1322
533.045	625.212	537.197	622.721	1323
534.706	731.489	537.197	735.64	1324
154.434	534.71	159.415	533.8800000000001	1325
354.533	571.243	359.515	572.0730000000001	1326
165.227	609.436	169.379	611.927	1327
403.52	778.815	406.842	782.136	1328
183.494	500.668	188.476	500.668	1329
185.154	654.272	190.136	654.272	1330
251.578	773.8330000000001	256.559	773.8330000000001	1331
283.129	573.734	288.11	573.734	1332
296.413	818.669	301.395	818.669	1333
336.267	587.849	341.249	587.849	1334
349.552	824.481	354.533	824.481	1335
359.515	700.768	364.497	700.768	1336
369.479	799.572	374.46	799.572	1337
449.186	583.697	454.168	583.697	1338
458.319	449.19000000000005	463.301	449.19000000000005	1339
500.664	621.0600000000001	505.646	621.0600000000001	1340
533.876	749.755	538.858	749.755	1341
127.864	636.005	129.525	631.854	1342
127.864	581.206	127.864	577.0550000000001	1343
162.737	606.945	162.737	602.7940000000001	1344
162.737	544.674	164.397	548.825	1345
180.173	614.418	180.173	610.2660000000001	1346
198.439	684.162	202.591	682.5020000000001	1347
252.408	782.136	256.559	783.797	1348
277.317	773.003	278.977	768.8520000000001	1349
293.092	472.439	297.243	474.09900000000005	1350
333.776	584.528	336.267	587.849	1351
337.928	634.345	339.588	630.193	1352
337.928	626.042	339.588	630.193	1353
349.552	785.457	353.703	787.118	1354
358.685	763.87	361.176	767.191	1355
360.345	802.894	364.497	801.2330000000001	1356
374.46	826.142	374.46	821.99	1357
404.351	442.548	408.502	440.88800000000003	1358
406.842	786.288	406.842	782.136	1359
432.581	606.115	432.581	601.964	1360
434.241	644.308	437.562	646.799	1361
450.847	668.3870000000001	453.338	671.7080000000001	1362
456.659	446.70000000000005	456.659	442.548	1363
494.852	782.967	498.173	785.457	1364
505.646	621.0600000000001	509.797	619.4000000000001	1365
505.646	621.0600000000001	507.307	625.212	1366
513.119	627.703	515.609	626.042	1367
567.918	762.2090000000001	570.409	758.888	1368
235.802	685.8230000000001	239.123	689.144	1369
245.766	601.964	249.087	605.2850000000001	1370
337.097	423.451	338.758	420.13000000000005	1371
344.57	782.967	347.891	786.288	1372
394.387	432.58500000000004	397.708	435.906	1373
425.938	632.684	429.259	629.363	1374
466.622	557.128	469.944	560.4490000000001	1375
522.252	514.783	525.573	518.104	1376
327.134	548.825	327.134	544.674	1377
415.144	654.272	415.975	657.5930000000001	1378
421.787	768.8520000000001	425.938	768.8520000000001	1379
495.682	469.117	499.834	470.778	1380
184.324	640.157	188.476	638.4960000000001	1381
418.466	635.1750000000001	420.956	638.4960000000001	1382
154.434	534.71	155.264	538.8620000000001	1383
180.173	673.368	181.003	677.52	1384
195.948	564.601	200.1	563.77	1385
215.045	728.998	219.196	728.168	1386
229.16	739.792	230.82	743.113	1387
239.123	492.365	243.275	491.535	1388
243.275	644.308	246.596	645.969	1389
275.656	465.79600000000005	278.977	467.45700000000005	1390
297.243	480.74100000000004	298.074	484.89300000000003	1391
299.734	724.846	303.886	724.0160000000001	1392
301.395	818.669	302.225	822.82	1393
303.886	645.139	304.716	640.9870000000001	1394
314.68	527.238	315.51	531.389	1395
348.721	609.436	349.552	613.588	1396
383.593	397.713	384.424	401.86400000000003	1397
396.878	652.611	397.708	656.763	1398
403.52	403.52500000000003	407.672	404.355	1399
409.332	735.64	410.163	739.792	1400
409.332	666.726	410.163	670.878	1401
429.259	749.755	430.09	753.9060000000001	1402
436.732	405.185	440.883	406.01500000000004	1403
444.205	660.0840000000001	445.035	655.932	1404
472.434	677.52	473.265	681.671	1405
482.398	661.744	484.058	665.066	1406
499.834	494.85600000000005	500.664	499.00800000000004	1407
512.288	741.452	516.44	740.6220000000001	1408
520.591	491.535	524.743	492.365	1409
523.082	683.332	523.912	687.4830000000001	1410
552.972	547.995	553.803	552.146	1411
142.81	559.619	146.131	557.128	1412
165.227	649.29	168.549	651.7810000000001	1413
249.917	689.144	251.578	686.653	1414
259.05	587.018	261.541	590.34	1415
310.528	674.1990000000001	313.019	677.52	1416
315.51	698.277	318.001	694.956	1417
354.533	593.6610000000001	357.855	591.1700000000001	1418
492.361	573.734	493.192	577.0550000000001	1419
511.458	481.572	514.779	479.081	1420
562.936	744.773	563.766	748.094	1421
411.823	658.423	415.975	657.5930000000001	1422
442.544	608.606	446.695	607.7760000000001	1423
119.562	554.637	119.562	550.4860000000001	1424
149.452	615.248	153.603	615.248	1425
185.154	525.577	189.306	525.577	1426
189.306	555.4670000000001	193.457	555.4670000000001	1427
195.118	651.7810000000001	199.269	651.7810000000001	1428
287.28	645.969	291.431	645.969	1429
307.207	813.687	311.358	813.687	1430
319.661	772.173	323.813	772.173	1431
407.672	404.355	411.823	404.355	1432
494.852	818.669	499.004	818.669	1433
507.307	481.572	511.458	481.572	1434
510.628	461.64500000000004	514.779	461.64500000000004	1435
518.1	722.356	522.252	722.356	1436
551.312	772.173	555.463	772.173	1437
141.979	567.922	143.64	571.243	1438
162.737	606.945	165.227	609.436	1439
205.912	606.115	205.912	602.7940000000001	1440
209.233	500.668	212.554	502.329	1441
239.123	768.0210000000001	239.123	764.7	1442
239.123	768.0210000000001	242.444	769.682	1443
256.559	750.585	259.05	753.076	1444
259.05	463.305	261.541	465.79600000000005	1445
299.734	636.005	303.055	634.345	1446
315.51	698.277	318.001	700.768	1447
342.079	722.356	344.57	719.865	1448
366.157	595.321	369.479	593.6610000000001	1449
383.593	694.126	385.254	697.447	1450
406.011	771.3430000000001	408.502	773.8330000000001	1451
450.847	668.3870000000001	450.847	665.066	1452
467.453	567.922	470.774	566.261	1453
482.398	661.744	482.398	658.423	1454
494.852	709.071	494.852	705.75	1455
518.931	488.21400000000006	520.591	491.535	1456
521.421	762.2090000000001	521.421	758.888	1457
538.858	552.146	541.348	554.637	1458
572.069	778.815	572.069	775.494	1459
124.543	577.885	127.864	577.0550000000001	1460
141.149	620.23	144.47	619.4000000000001	1461
155.264	555.4670000000001	158.585	554.637	1462
155.264	538.8620000000001	156.925	541.3530000000001	1463
197.609	680.841	198.439	684.162	1464
206.742	666.726	210.063	665.896	1465
226.669	629.363	227.499	632.684	1466
255.729	491.535	256.559	488.21400000000006	1467
255.729	484.89300000000003	256.559	488.21400000000006	1468
256.559	750.585	257.39	747.264	1469
267.353	547.995	268.183	544.674	1470
267.353	473.269	268.183	476.59000000000003	1471
269.014	572.903	269.844	576.225	1472
270.674	799.572	271.504	796.251	1473
299.734	612.7570000000001	303.055	611.927	1474
301.395	818.669	304.716	817.839	1475
355.364	631.854	356.194	635.1750000000001	1476
364.497	434.245	367.818	435.076	1477
369.479	675.859	372.8	675.029	1478
435.902	597.812	436.732	594.491	1479
442.544	694.956	445.865	694.126	1480
456.659	446.70000000000005	458.319	449.19000000000005	1481
479.077	689.144	479.907	692.465	1482
489.87	602.7940000000001	493.192	601.964	1483
497.343	572.0730000000001	500.664	572.903	1484
502.325	607.7760000000001	503.155	611.097	1485
538.858	749.755	542.179	750.585	1486
246.596	669.2170000000001	249.087	666.726	1487
117.901	562.94	121.222	562.94	1488
146.131	600.303	149.452	600.303	1489
219.196	583.697	222.517	583.697	1490
244.105	543.8430000000001	247.426	543.8430000000001	1491
261.541	469.117	261.541	465.79600000000005	1492
265.692	467.45700000000005	269.014	467.45700000000005	1493
279.807	793.76	283.129	793.76	1494
335.437	782.967	338.758	782.967	1495
347.891	448.36	351.212	448.36	1496
353.703	386.088	357.024	386.088	1497
362.006	415.97900000000004	365.327	415.97900000000004	1498
376.951	768.0210000000001	380.272	768.0210000000001	1499
402.69	587.018	406.011	587.018	1500
473.265	441.718	476.586	441.718	1501
475.756	647.629	479.077	647.629	1502
495.682	453.34200000000004	499.004	453.34200000000004	1503
531.385	731.489	534.706	731.489	1504
177.682	608.606	180.173	610.2660000000001	1505
222.517	583.697	225.008	585.358	1506
261.541	487.384	264.032	489.04400000000004	1507
283.959	612.7570000000001	285.619	615.248	1508
288.941	778.815	290.601	776.3240000000001	1509
332.116	415.97900000000004	334.606	414.31800000000004	1510
344.57	782.967	347.061	781.306	1511
371.969	827.802	374.46	826.142	1512
411.823	725.677	414.314	727.337	1513
436.732	577.885	438.393	575.394	1514
454.168	660.914	456.659	659.254	1515
484.058	621.8910000000001	486.549	621.8910000000001	1516
494.852	709.071	497.343	710.731	1517
503.155	504.82000000000005	505.646	503.15900000000005	1518
541.348	773.003	543.839	771.3430000000001	1519
126.204	541.3530000000001	128.695	540.522	1520
143.64	601.133	146.131	600.303	1521
169.379	611.927	170.209	609.436	1522
181.003	677.52	183.494	678.35	1523
195.118	706.58	195.948	709.071	1524
253.238	663.405	254.068	660.914	1525
278.977	660.914	281.468	660.0840000000001	1526
279.807	782.967	280.638	780.476	1527
299.734	586.1880000000001	302.225	585.358	1528
304.716	798.7420000000001	307.207	799.572	1529
360.345	802.894	361.176	805.384	1530
363.667	596.152	366.157	595.321	1531
411.823	763.87	414.314	763.04	1532
418.466	708.241	419.296	705.75	1533
425.938	692.465	427.599	690.8050000000001	1534
434.241	406.01500000000004	436.732	405.185	1535
463.301	583.697	465.792	582.867	1536
481.568	405.185	482.398	402.694	1537
498.173	621.8910000000001	500.664	621.0600000000001	1538
572.899	754.7370000000001	573.73	752.246	1539
582.863	756.397	585.354	757.2280000000001	1540
176.852	491.535	179.342	491.535	1541
225.839	670.047	225.839	667.556	1542
241.614	567.091	244.105	567.091	1543
318.831	724.0160000000001	321.322	724.0160000000001	1544
334.606	700.768	337.097	700.768	1545
546.33	543.8430000000001	548.821	543.8430000000001	1546
482.398	621.8910000000001	484.058	621.8910000000001	1547
482.398	621.8910000000001	484.058	621.8910000000001	1548
322.982	806.215	324.643	807.0450000000001	1549
347.891	786.288	349.552	785.457	1550
398.539	793.76	400.199	792.9300000000001	1551
129.525	631.854	131.186	631.854	1552
238.293	732.3190000000001	238.293	730.658	1553
242.444	769.682	244.105	769.682	1554
275.656	642.648	277.317	642.648	1555
408.502	440.88800000000003	410.163	440.88800000000003	1556
414.314	727.337	415.975	727.337	1557
532.215	749.755	533.876	749.755	1558
454.998	333.78	483.228	342.083	1
237.463	39.02800000000002	280.638	51.48199999999997	2
168.549	229.99400000000003	200.93	210.067	3
194.288	9.968000000000075	225.008	29.064000000000078	4
157.755	32.38499999999999	181.833	9.968000000000075	5
355.364	322.9870000000001	362.006	291.43600000000004	6
330.455	207.57600000000002	342.909	181.00700000000006	7
130.355	42.349000000000046	157.755	32.38499999999999	8
386.084	331.289	407.672	320.496	9
244.105	187.649	272.335	186.81900000000007	10
305.546	75.56000000000006	324.643	94.65700000000004	11
355.364	322.9870000000001	377.781	329.629	12
102.956	51.48199999999997	125.374	45.67000000000007	13
115.41	187.649	140.319	192.63099999999997	14
189.306	108.77200000000005	212.554	106.28100000000006	15
211.724	206.74599999999998	231.651	192.63099999999997	16
435.902	337.101	454.998	333.78	17
419.296	322.9870000000001	435.902	337.101	18
155.264	189.31000000000006	162.737	169.38300000000004	19
351.212	175.19500000000005	362.836	162.74099999999999	20
113.75	132.85000000000002	136.167	127.86900000000003	21
272.335	186.81900000000007	285.619	182.668	22
109.598	110.43299999999999	126.204	119.56600000000003	23
169.379	141.98400000000004	170.209	120.39600000000007	24
202.591	154.438	224.178	151.947	25
63.932	230.82400000000007	79.708	218.37	26
70.575	205.91600000000005	83.859	192.63099999999997	27
4.982	210.067	5.812	191.80100000000004	28
347.891	218.37	362.006	231.65499999999997	29
38.193	133.68100000000004	58.951	129.529	30
252.408	194.29200000000003	271.504	201.764	31
18.266	167.72199999999998	31.551	175.19500000000005	32
15.775	147.79600000000005	18.266	167.72199999999998	33
302.225	167.72199999999998	316.34	157.75900000000001	34
78.047	124.54700000000003	93.823	117.07500000000005	35
357.855	272.33900000000006	362.006	291.43600000000004	36
280.638	51.48199999999997	292.262	63.105999999999995	37
18.266	136.17200000000003	38.193	133.68100000000004	38
51.478	210.89800000000002	65.593	204.255	39
149.452	234.14600000000007	168.549	229.99400000000003	40
107.938	60.61500000000001	125.374	53.14300000000003	41
27.4	247.43000000000006	37.363	236.63600000000008	42
29.89	59.78500000000008	48.157	56.464000000000055	43
88.011	102.13	97.974	86.35400000000004	44
168.549	58.124000000000024	183.494	48.16100000000006	45
1.661	87.18400000000008	19.097	88.01499999999999	46
334.606	210.067	347.891	218.37	47
111.259	166.89200000000005	127.034	161.91000000000008	48
339.588	117.07500000000005	358.685	115.41399999999999	49
108.768	122.88700000000006	126.204	119.56600000000003	50
171.04	153.60800000000006	185.154	165.23199999999997	51
134.507	120.39600000000007	135.337	102.13	52
69.744	185.159	83.859	175.19500000000005	53
65.593	204.255	78.877	191.80100000000004	54
210.063	56.464000000000055	221.687	45.67000000000007	55
375.291	279.81100000000004	377.781	296.41700000000003	56
88.011	102.13	105.447	102.96000000000004	57
292.262	63.105999999999995	305.546	75.56000000000006	58
63.932	234.976	81.368	238.29700000000003	59
138.658	178.51600000000008	140.319	192.63099999999997	60
302.225	167.72199999999998	316.34	157.75900000000001	61
377.781	318.83500000000004	382.763	302.22900000000004	62
179.342	43.178999999999974	193.457	36.537000000000035	63
362.006	291.43600000000004	377.781	296.41700000000003	64
176.852	181.00700000000006	194.288	180.17700000000002	65
171.04	153.60800000000006	186.815	147.79600000000005	66
331.285	234.14600000000007	332.116	218.37	67
124.543	201.764	141.979	200.10400000000004	68
353.703	140.32299999999998	366.157	150.28600000000006	69
344.57	235.80600000000004	356.194	245.76999999999998	70
59.781	188.48000000000002	61.441	203.42500000000007	71
113.75	132.85000000000002	123.713	145.30500000000006	72
356.194	245.76999999999998	362.006	231.65499999999997	73
164.397	83.03300000000002	175.191	94.65700000000004	74
364.497	268.187	375.291	279.81100000000004	75
1.661	87.18400000000008	11.624	97.14800000000002	76
277.317	189.31000000000006	285.619	182.668	77
38.193	225.01200000000006	50.648	216.71000000000004	78
53.138	52.31200000000001	68.084	58.124000000000024	79
135.337	102.13	150.282	97.14800000000002	80
356.194	245.76999999999998	358.685	261.5450000000001	81
74.726	152.77700000000004	88.841	160.25	82
171.04	107.94200000000001	186.815	106.28100000000006	83
212.554	106.28100000000006	213.384	92.16600000000005	84
136.167	78.05100000000004	150.282	84.69400000000007	85
44.836	249.091	45.666	264.866	86
74.726	136.17200000000003	89.671	139.49300000000005	87
285.619	182.668	296.413	175.19500000000005	88
316.34	157.75900000000001	330.455	151.11700000000008	89
46.496	234.14600000000007	54.799	246.60000000000002	90
19.097	78.05100000000004	31.551	70.57900000000006	91
198.439	71.40899999999999	210.063	63.105999999999995	92
60.611	142.81400000000008	69.744	151.947	93
92.992	193.461	105.447	201.764	94
88.011	54.803	102.956	51.48199999999997	95
97.974	86.35400000000004	112.919	83.03300000000002	96
339.588	117.07500000000005	341.249	132.01999999999998	97
47.326	199.27300000000002	61.441	203.42500000000007	98
186.815	147.79600000000005	197.609	156.09800000000007	99
125.374	145.30500000000006	134.507	143.644	100
83.859	192.63099999999997	92.162	181.00700000000006	101
118.731	71.40899999999999	126.204	58.95500000000004	102
141.149	64.76700000000005	151.943	55.63300000000004	103
88.841	160.25	96.314	172.70400000000006	104
54.799	246.60000000000002	58.951	259.885	105
73.896	67.25800000000004	87.18	73.07000000000005	106
344.57	235.80600000000004	344.57	221.69100000000003	107
29.89	199.27300000000002	40.684	189.31000000000006	108
50.648	216.71000000000004	59.781	228.33400000000006	109
135.337	238.29700000000003	149.452	234.14600000000007	110
70.575	58.124000000000024	84.689	53.97300000000007	111
186.815	147.79600000000005	198.439	139.49300000000005	112
54.799	246.60000000000002	63.932	234.976	113
46.496	234.14600000000007	59.781	228.33400000000006	114
88.011	54.803	95.483	67.25800000000004	115
88.841	244.93900000000008	97.144	256.563	116
54.799	163.57100000000003	62.272	151.947	117
26.569	98.80900000000008	29.89	109.60199999999998	118
225.008	29.064000000000078	238.293	31.555000000000064	119
417.635	320.496	427.599	312.193	120
45.666	264.866	58.951	259.885	121
39.024	209.23700000000008	47.326	199.27300000000002	122
127.034	92.16600000000005	132.016	78.88200000000006	123
65.593	110.43299999999999	78.047	111.26300000000003	124
110.428	201.764	124.543	201.764	125
33.212	124.54700000000003	40.684	115.41399999999999	126
30.721	256.563	41.514	248.26100000000008	127
94.653	134.51100000000008	108.768	133.68100000000004	128
27.4	185.98900000000003	40.684	189.31000000000006	129
182.664	118.73500000000001	185.985	131.19000000000005	130
344.57	329.629	355.364	322.9870000000001	131
77.217	251.582	81.368	238.29700000000003	132
89.671	211.72800000000007	102.956	207.57600000000002	133
362.836	162.74099999999999	366.157	150.28600000000006	134
57.29	68.08800000000008	68.084	58.124000000000024	135
124.543	201.764	133.677	210.89800000000002	136
77.217	251.582	88.841	244.93900000000008	137
15.775	122.88700000000006	18.266	136.17200000000003	138
141.979	173.53500000000008	146.131	161.91000000000008	139
201.76	46.5	210.893	36.537000000000035	140
219.196	73.07000000000005	227.499	63.936000000000035	141
222.517	162.74099999999999	227.499	156.09800000000007	142
15.775	188.48000000000002	19.097	176.856	143
74.726	98.80900000000008	88.011	102.13	144
185.154	93.827	186.815	106.28100000000006	145
329.625	243.279	331.285	234.14600000000007	146
112.919	83.03300000000002	121.222	92.16600000000005	147
176.021	64.76700000000005	188.476	61.446000000000026	148
17.436	120.39600000000007	17.436	107.11099999999999	149
122.052	236.63600000000008	135.337	238.29700000000003	150
121.222	101.29899999999998	135.337	102.13	151
127.034	92.16600000000005	135.337	102.13	152
82.199	217.54000000000008	93.823	223.35199999999998	153
82.199	217.54000000000008	89.671	227.50300000000004	154
185.154	93.827	198.439	91.33600000000001	155
333.776	105.45100000000002	339.588	117.07500000000005	156
105.447	210.89800000000002	109.598	206.74599999999998	157
57.29	68.08800000000008	64.763	76.39100000000008	158
38.193	133.68100000000004	46.496	143.644	159
40.684	115.41399999999999	49.817	122.05700000000002	160
36.533	217.54000000000008	39.024	209.23700000000008	161
52.308	113.75400000000002	63.932	117.90499999999997	162
182.664	118.73500000000001	194.288	124.54700000000003	163
189.306	165.23199999999997	197.609	174.365	164
331.285	234.14600000000007	344.57	235.80600000000004	165
330.455	151.11700000000008	336.267	140.32299999999998	166
146.131	161.91000000000008	158.585	158.58900000000006	167
332.116	218.37	344.57	221.69100000000003	168
78.047	111.26300000000003	88.011	102.13	169
182.664	118.73500000000001	189.306	108.77200000000005	170
48.157	56.464000000000055	53.138	68.08800000000008	171
50.648	91.33600000000001	58.12	100.46900000000005	172
231.651	192.63099999999997	242.444	196.78300000000002	173
330.455	151.11700000000008	340.418	144.47400000000005	174
88.841	160.25	101.295	161.91000000000008	175
8.303	244.93900000000008	19.097	251.582	176
15.775	237.46699999999998	23.248	247.43000000000006	177
50.648	180.17700000000002	59.781	188.48000000000002	178
51.478	210.89800000000002	61.441	203.42500000000007	179
104.616	165.23199999999997	109.598	153.60800000000006	180
280.638	210.89800000000002	283.959	207.57600000000002	181
39.024	209.23700000000008	51.478	210.89800000000002	182
17.436	107.11099999999999	29.89	109.60199999999998	183
73.896	91.33600000000001	78.047	80.54200000000003	184
95.483	67.25800000000004	107.938	66.42700000000002	185
78.047	111.26300000000003	90.501	112.09300000000007	186
141.979	200.10400000000004	145.301	211.72800000000007	187
198.439	91.33600000000001	205.912	81.37200000000007	188
15.775	147.79600000000005	18.266	136.17200000000003	189
53.969	171.04399999999998	64.763	167.72199999999998	190
193.457	36.537000000000035	194.288	48.990999999999985	191
84.689	146.96500000000003	94.653	153.60800000000006	192
169.379	141.98400000000004	181.833	140.32299999999998	193
170.209	120.39600000000007	182.664	118.73500000000001	194
108.768	102.96000000000004	121.222	101.29899999999998	195
111.259	179.34699999999998	111.259	166.89200000000005	196
132.846	159.42000000000007	132.846	146.96500000000003	197
202.591	154.438	202.591	141.98400000000004	198
164.397	98.80900000000008	171.04	107.94200000000001	199
341.249	132.01999999999998	347.891	139.49300000000005	200
9.963	218.37	17.436	228.33400000000006	201
74.726	136.17200000000003	78.047	124.54700000000003	202
155.264	134.51100000000008	156.925	122.88700000000006	203
158.585	158.58900000000006	162.737	169.38300000000004	204
207.572	140.32299999999998	219.196	141.98400000000004	205
104.616	165.23199999999997	111.259	156.92899999999997	206
155.264	144.47400000000005	166.888	144.47400000000005	207
189.306	165.23199999999997	197.609	156.09800000000007	208
43.175	188.48000000000002	50.648	180.17700000000002	209
180.173	83.03300000000002	185.154	93.827	210
218.366	57.29399999999998	227.499	63.936000000000035	211
107.938	66.42700000000002	118.731	71.40899999999999	212
74.726	152.77700000000004	84.689	146.96500000000003	213
100.465	187.649	111.259	192.63099999999997	214
96.314	172.70400000000006	104.616	165.23199999999997	215
164.397	98.80900000000008	175.191	94.65700000000004	216
53.138	68.08800000000008	59.781	78.05100000000004	217
191.797	81.37200000000007	198.439	91.33600000000001	218
342.909	181.00700000000006	351.212	175.19500000000005	219
200.93	210.067	211.724	206.74599999999998	220
18.266	211.72800000000007	29.89	209.23700000000008	221
102.956	51.48199999999997	107.938	60.61500000000001	222
154.434	149.45600000000002	158.585	158.58900000000006	223
15.775	188.48000000000002	19.097	199.27300000000002	224
98.804	179.34699999999998	111.259	179.34699999999998	225
203.421	92.99599999999998	213.384	92.16600000000005	226
74.726	164.40100000000007	74.726	152.77700000000004	227
107.938	144.47400000000005	108.768	133.68100000000004	228
78.047	80.54200000000003	87.18	73.07000000000005	229
54.799	163.57100000000003	64.763	167.72199999999998	230
29.89	59.78500000000008	31.551	70.57900000000006	231
63.932	102.13	74.726	98.80900000000008	232
194.288	129.529	198.439	139.49300000000005	233
222.517	162.74099999999999	224.178	151.947	234
180.173	83.03300000000002	191.797	81.37200000000007	235
108.768	122.88700000000006	113.75	132.85000000000002	236
63.102	135.341	74.726	136.17200000000003	237
88.841	81.37200000000007	90.501	72.23900000000003	238
4.982	210.067	15.775	208.40700000000004	239
211.724	81.37200000000007	213.384	92.16600000000005	240
33.212	124.54700000000003	38.193	133.68100000000004	241
69.744	185.159	78.877	191.80100000000004	242
211.724	81.37200000000007	219.196	73.07000000000005	243
146.131	120.39600000000007	156.925	122.88700000000006	244
131.186	171.04399999999998	141.979	173.53500000000008	245
83.859	168.553	88.841	160.25	246
134.507	143.644	142.81	136.17200000000003	247
207.572	140.32299999999998	217.536	136.17200000000003	248
358.685	261.5450000000001	364.497	268.187	249
88.011	102.13	90.501	112.09300000000007	250
88.841	81.37200000000007	97.974	86.35400000000004	251
134.507	120.39600000000007	146.131	120.39600000000007	252
187.645	70.57900000000006	198.439	71.40899999999999	253
8.303	244.93900000000008	15.775	237.46699999999998	254
102.956	118.73500000000001	109.598	110.43299999999999	255
126.204	58.95500000000004	132.846	67.25800000000004	256
158.585	158.58900000000006	167.718	152.77700000000004	257
278.147	197.61300000000006	278.977	205.08500000000004	258
19.097	199.27300000000002	29.89	199.27300000000002	259
176.852	68.918	187.645	70.57900000000006	260
63.932	117.90499999999997	74.726	119.56600000000003	261
178.512	93.827	180.173	83.03300000000002	262
377.781	329.629	377.781	318.83500000000004	263
4.982	179.34699999999998	9.133	188.48000000000002	264
59.781	188.48000000000002	69.744	185.159	265
133.677	210.89800000000002	139.489	216.71000000000004	266
173.53	176.856	177.682	169.38300000000004	267
324.643	215.04899999999998	330.455	207.57600000000002	268
40.684	115.41399999999999	45.666	106.28100000000006	269
60.611	100.46900000000005	65.593	91.33600000000001	270
120.392	154.438	127.034	161.91000000000008	271
149.452	111.26300000000003	154.434	102.13	272
191.797	81.37200000000007	200.93	76.39100000000008	273
93.823	231.65499999999997	100.465	224.18200000000002	274
94.653	236.63600000000008	105.447	237.46699999999998	275
183.494	48.16100000000006	194.288	48.990999999999985	276
238.293	31.555000000000064	249.087	30.725000000000023	277
136.167	127.86900000000003	142.81	136.17200000000003	278
112.919	83.03300000000002	120.392	75.56000000000006	279
324.643	94.65700000000004	332.946	101.29899999999998	280
44.836	249.091	54.799	246.60000000000002	281
225.008	29.064000000000078	227.499	39.02800000000002	282
74.726	164.40100000000007	83.859	168.553	283
133.677	210.89800000000002	139.489	216.71000000000004	284
181.833	140.32299999999998	185.985	131.19000000000005	285
69.744	75.56000000000006	78.047	80.54200000000003	286
172.7	77.221	180.173	83.03300000000002	287
36.533	228.33400000000006	37.363	236.63600000000008	288
132.846	159.42000000000007	143.64	159.42000000000007	289
189.306	165.23199999999997	199.269	166.062	290
127.034	75.56000000000006	132.846	67.25800000000004	291
127.034	161.91000000000008	131.186	171.04399999999998	292
149.452	111.26300000000003	158.585	108.77200000000005	293
26.569	98.80900000000008	31.551	92.16600000000005	294
30.721	113.75400000000002	40.684	115.41399999999999	295
63.932	85.524	64.763	76.39100000000008	296
69.744	75.56000000000006	71.405	65.59699999999998	297
227.499	39.02800000000002	237.463	39.02800000000002	298
407.672	320.496	417.635	320.496	299
17.436	120.39600000000007	27.4	118.73500000000001	300
29.89	209.23700000000008	29.89	199.27300000000002	301
141.149	144.47400000000005	142.81	136.17200000000003	302
197.609	174.365	199.269	166.062	303
180.173	83.03300000000002	187.645	75.56000000000006	304
157.755	92.99599999999998	164.397	98.80900000000008	305
205.081	161.08000000000004	214.215	164.40100000000007	306
15.775	208.40700000000004	19.097	199.27300000000002	307
27.4	247.43000000000006	30.721	256.563	308
115.41	181.00700000000006	124.543	179.34699999999998	309
120.392	154.438	123.713	145.30500000000006	310
146.131	120.39600000000007	149.452	111.26300000000003	311
31.551	70.57900000000006	34.042	79.71199999999999	312
9.963	101.29899999999998	17.436	107.11099999999999	313
205.081	76.39100000000008	211.724	69.74800000000005	314
155.264	70.57900000000006	165.227	71.40899999999999	315
9.963	130.35900000000004	15.775	122.88700000000006	316
296.413	175.19500000000005	302.225	167.72199999999998	317
18.266	167.72199999999998	19.097	176.856	318
19.097	251.582	22.418	259.885	319
22.418	259.885	27.4	266.52700000000004	320
48.987	102.96000000000004	58.12	100.46900000000005	321
83.859	192.63099999999997	92.992	193.461	322
99.635	153.60800000000006	108.768	151.11700000000008	323
110.428	201.764	111.259	192.63099999999997	324
111.259	156.92899999999997	120.392	154.438	325
141.979	71.40899999999999	151.113	73.89999999999998	326
187.645	70.57900000000006	188.476	61.446000000000026	327
345.4	275.6600000000001	347.891	266.52700000000004	328
74.726	119.56600000000003	78.047	111.26300000000003	329
82.199	217.54000000000008	89.671	211.72800000000007	330
332.116	218.37	334.606	210.067	331
16.606	96.31799999999998	19.097	88.01499999999999	332
151.113	136.17200000000003	155.264	144.47400000000005	333
172.7	77.221	176.852	68.918	334
181.833	140.32299999999998	186.815	147.79600000000005	335
221.687	45.67000000000007	227.499	39.02800000000002	336
240.784	205.91600000000005	245.766	198.44299999999998	337
88.841	160.25	94.653	153.60800000000006	338
37.363	236.63600000000008	46.496	234.14600000000007	339
162.737	169.38300000000004	172.7	169.38300000000004	340
92.992	193.461	100.465	187.649	341
218.366	57.29399999999998	224.178	49.821000000000026	342
78.047	80.54200000000003	86.35	83.03300000000002	343
60.611	142.81400000000008	62.272	151.947	344
121.222	101.29899999999998	121.222	92.16600000000005	345
143.64	159.42000000000007	146.131	151.11700000000008	346
157.755	92.99599999999998	159.415	83.86300000000006	347
27.4	247.43000000000006	35.702	244.10900000000004	348
89.671	139.49300000000005	94.653	134.51100000000008	349
201.76	46.5	203.421	54.803	350
235.802	190.14	244.105	187.649	351
40.684	115.41399999999999	49.817	115.41399999999999	352
70.575	205.91600000000005	73.896	213.38800000000003	353
84.689	146.96500000000003	89.671	139.49300000000005	354
212.554	106.28100000000006	218.366	112.923	355
112.919	237.46699999999998	122.052	236.63600000000008	356
30.721	83.86300000000006	31.551	92.16600000000005	357
132.846	67.25800000000004	141.149	64.76700000000005	358
211.724	69.74800000000005	219.196	73.07000000000005	359
98.804	179.34699999999998	100.465	187.649	360
278.977	205.08500000000004	286.45	204.255	361
88.841	176.856	96.314	172.70400000000006	362
131.186	174.365	138.658	178.51600000000008	363
141.149	144.47400000000005	146.131	151.11700000000008	364
150.282	97.14800000000002	157.755	92.99599999999998	365
156.925	122.88700000000006	164.397	118.73500000000001	366
177.682	169.38300000000004	185.154	165.23199999999997	367
188.476	61.446000000000026	195.118	56.464000000000055	368
271.504	201.764	275.656	209.23700000000008	369
63.932	117.90499999999997	65.593	110.43299999999999	370
29.89	209.23700000000008	39.024	209.23700000000008	371
49.817	122.05700000000002	58.951	122.05700000000002	372
136.167	78.05100000000004	141.979	71.40899999999999	373
22.418	259.885	30.721	258.22400000000005	374
22.418	82.20299999999997	30.721	83.86300000000006	375
63.932	102.13	65.593	110.43299999999999	376
81.368	238.29700000000003	88.841	240.788	377
99.635	153.60800000000006	101.295	161.91000000000008	378
141.979	218.37	145.301	211.72800000000007	379
146.131	151.11700000000008	154.434	149.45600000000002	380
164.397	118.73500000000001	164.397	110.43299999999999	381
185.985	131.19000000000005	194.288	129.529	382
195.118	56.464000000000055	203.421	54.803	383
214.215	164.40100000000007	222.517	162.74099999999999	384
377.781	329.629	386.084	331.289	385
165.227	71.40899999999999	169.379	64.76700000000005	386
324.643	215.04899999999998	332.116	218.37	387
377.781	296.41700000000003	382.763	302.22900000000004	388
27.4	118.73500000000001	33.212	124.54700000000003	389
9.963	218.37	18.266	217.54000000000008	390
17.436	107.11099999999999	19.097	99.63900000000001	391
166.888	144.47400000000005	167.718	152.77700000000004	392
277.317	189.31000000000006	278.147	197.61300000000006	393
73.896	213.38800000000003	79.708	218.37	394
18.266	217.54000000000008	21.588	224.18200000000002	395
30.721	258.22400000000005	33.212	265.697	396
60.611	142.81400000000008	63.102	135.341	397
155.264	189.31000000000006	162.737	191.80100000000004	398
217.536	136.17200000000003	220.027	128.69900000000007	399
244.105	187.649	246.596	195.12200000000007	400
349.552	146.135	353.703	140.32299999999998	401
134.507	120.39600000000007	136.167	127.86900000000003	402
9.963	130.35900000000004	15.775	136.17200000000003	403
96.314	172.70400000000006	98.804	179.34699999999998	404
210.063	56.464000000000055	218.366	57.29399999999998	405
45.666	97.14800000000002	50.648	91.33600000000001	406
271.504	201.764	278.147	197.61300000000006	407
357.855	272.33900000000006	364.497	268.187	408
194.288	48.990999999999985	201.76	46.5	409
52.308	142.81400000000008	60.611	142.81400000000008	410
65.593	91.33600000000001	73.896	91.33600000000001	411
142.81	136.17200000000003	151.113	136.17200000000003	412
194.288	180.17700000000002	197.609	174.365	413
224.178	151.947	227.499	156.09800000000007	414
35.702	244.10900000000004	37.363	236.63600000000008	415
36.533	217.54000000000008	38.193	225.01200000000006	416
58.951	129.529	58.951	122.05700000000002	417
125.374	145.30500000000006	132.846	146.96500000000003	418
125.374	53.14300000000003	125.374	45.67000000000007	419
151.113	73.89999999999998	152.773	81.37200000000007	420
152.773	81.37200000000007	159.415	83.86300000000006	421
179.342	43.178999999999974	183.494	48.16100000000006	422
181.833	9.968000000000075	189.306	8.307000000000016	423
17.436	228.33400000000006	21.588	224.18200000000002	424
35.702	244.10900000000004	41.514	248.26100000000008	425
39.024	268.187	45.666	264.866	426
57.29	82.20299999999997	63.932	85.524	427
58.951	129.529	63.102	135.341	428
97.144	256.563	102.126	261.5450000000001	429
126.204	119.56600000000003	131.186	121.226	430
157.755	102.13	164.397	98.80900000000008	431
187.645	75.56000000000006	191.797	81.37200000000007	432
199.269	166.062	205.081	161.08000000000004	433
10.794	137.832	11.624	145.30500000000006	434
19.097	99.63900000000001	26.569	98.80900000000008	435
53.969	171.04399999999998	54.799	163.57100000000003	436
70.575	58.124000000000024	71.405	65.59699999999998	437
73.896	91.33600000000001	74.726	98.80900000000008	438
108.768	102.96000000000004	109.598	110.43299999999999	439
172.7	169.38300000000004	173.53	176.856	440
194.288	48.990999999999985	195.118	56.464000000000055	441
218.366	112.923	219.196	120.39600000000007	442
237.463	39.02800000000002	238.293	31.555000000000064	443
335.437	180.17700000000002	342.909	181.00700000000006	444
138.658	178.51600000000008	141.979	173.53500000000008	445
19.097	88.01499999999999	22.418	82.20299999999997	446
39.854	146.135	46.496	143.644	447
93.823	223.35199999999998	100.465	224.18200000000002	448
164.397	110.43299999999999	171.04	107.94200000000001	449
275.656	209.23700000000008	278.977	205.08500000000004	450
102.956	118.73500000000001	108.768	122.88700000000006	451
164.397	83.03300000000002	168.549	77.221	452
62.272	151.947	69.744	151.947	453
105.447	237.46699999999998	112.919	237.46699999999998	454
347.891	266.52700000000004	355.364	266.52700000000004	455
33.212	265.697	39.024	268.187	456
49.817	122.05700000000002	49.817	115.41399999999999	457
83.859	175.19500000000005	83.859	168.553	458
92.162	181.00700000000006	98.804	179.34699999999998	459
93.823	117.07500000000005	100.465	118.73500000000001	460
104.616	165.23199999999997	111.259	166.89200000000005	461
203.421	54.803	210.063	56.464000000000055	462
210.063	63.105999999999995	211.724	69.74800000000005	463
210.063	63.105999999999995	210.063	56.464000000000055	464
355.364	266.52700000000004	358.685	261.5450000000001	465
19.097	176.856	24.078	181.00700000000006	466
20.757	186.81900000000007	24.078	181.00700000000006	467
45.666	97.14800000000002	48.987	102.96000000000004	468
48.157	56.464000000000055	53.138	52.31200000000001	469
111.259	192.63099999999997	115.41	187.649	470
165.227	71.40899999999999	168.549	77.221	471
219.196	141.98400000000004	225.008	143.644	472
178.512	93.827	185.154	93.827	473
90.501	72.23900000000003	95.483	67.25800000000004	474
20.757	186.81900000000007	27.4	185.98900000000003	475
64.763	167.72199999999998	71.405	166.89200000000005	476
134.507	143.644	141.149	144.47400000000005	477
141.149	64.76700000000005	141.979	71.40899999999999	478
157.755	102.13	158.585	108.77200000000005	479
168.549	58.124000000000024	169.379	64.76700000000005	480
217.536	136.17200000000003	219.196	141.98400000000004	481
24.078	181.00700000000006	27.4	185.98900000000003	482
90.501	112.09300000000007	93.823	117.07500000000005	483
102.956	207.57600000000002	105.447	201.764	484
125.374	45.67000000000007	130.355	42.349000000000046	485
127.034	161.91000000000008	132.846	159.42000000000007	486
127.034	75.56000000000006	132.016	78.88200000000006	487
194.288	124.54700000000003	198.439	122.05700000000002	488
336.267	140.32299999999998	340.418	144.47400000000005	489
355.364	266.52700000000004	357.855	272.33900000000006	490
202.591	154.438	205.912	158.58900000000006	491
43.175	188.48000000000002	47.326	193.461	492
58.951	122.05700000000002	63.932	117.90499999999997	493
150.282	97.14800000000002	154.434	102.13	494
345.4	144.47400000000005	347.891	139.49300000000005	495
50.648	216.71000000000004	51.478	210.89800000000002	496
125.374	53.14300000000003	126.204	58.95500000000004	497
9.133	188.48000000000002	15.775	188.48000000000002	498
50.648	180.17700000000002	50.648	173.53500000000008	499
115.41	187.649	115.41	181.00700000000006	500
120.392	75.56000000000006	127.034	75.56000000000006	501
169.379	64.76700000000005	176.021	64.76700000000005	502
347.891	139.49300000000005	353.703	140.32299999999998	503
61.441	203.42500000000007	65.593	204.255	504
15.775	237.46699999999998	15.775	231.65499999999997	505
18.266	217.54000000000008	18.266	211.72800000000007	506
47.326	199.27300000000002	47.326	193.461	507
63.932	85.524	65.593	91.33600000000001	508
107.938	66.42700000000002	107.938	60.61500000000001	509
124.543	179.34699999999998	128.695	176.02499999999998	510
158.585	108.77200000000005	164.397	110.43299999999999	511
164.397	118.73500000000001	170.209	120.39600000000007	512
4.982	210.067	6.642	215.04899999999998	513
27.4	118.73500000000001	30.721	113.75400000000002	514
58.951	259.885	63.932	263.206	515
74.726	119.56600000000003	78.047	124.54700000000003	516
89.671	227.50300000000004	93.823	223.35199999999998	517
336.267	135.341	341.249	132.01999999999998	518
173.53	176.856	176.852	181.00700000000006	519
205.912	81.37200000000007	211.724	81.37200000000007	520
238.293	192.63099999999997	242.444	196.78300000000002	521
27.4	266.52700000000004	33.212	265.697	522
46.496	143.644	52.308	142.81400000000008	523
246.596	195.12200000000007	252.408	194.29200000000003	524
6.642	134.51100000000008	9.963	130.35900000000004	525
19.097	78.05100000000004	22.418	82.20299999999997	526
48.987	104.62099999999998	49.817	109.60199999999998	527
198.439	71.40899999999999	200.93	76.39100000000008	528
272.335	186.81900000000007	277.317	189.31000000000006	529
19.097	251.582	23.248	247.43000000000006	530
89.671	227.50300000000004	93.823	231.65499999999997	531
109.598	206.74599999999998	110.428	201.764	532
121.222	92.16600000000005	127.034	92.16600000000005	533
345.4	144.47400000000005	347.891	139.49300000000005	534
10.794	137.832	15.775	136.17200000000003	535
11.624	145.30500000000006	15.775	147.79600000000005	536
59.781	78.05100000000004	64.763	76.39100000000008	537
65.593	204.255	70.575	205.91600000000005	538
83.859	175.19500000000005	88.841	176.856	539
101.295	161.91000000000008	104.616	165.23199999999997	540
187.645	75.56000000000006	187.645	70.57900000000006	541
189.306	8.307000000000016	194.288	9.968000000000075	542
194.288	129.529	194.288	124.54700000000003	543
197.609	156.09800000000007	202.591	154.438	544
198.439	91.33600000000001	203.421	92.99599999999998	545
202.591	141.98400000000004	207.572	140.32299999999998	546
209.233	31.555000000000064	210.893	36.537000000000035	547
275.656	209.23700000000008	280.638	210.89800000000002	548
336.267	140.32299999999998	336.267	135.341	549
340.418	144.47400000000005	345.4	144.47400000000005	550
6.642	134.51100000000008	10.794	137.832	551
30.721	83.86300000000006	34.042	79.71199999999999	552
88.841	176.856	92.162	181.00700000000006	553
151.113	73.89999999999998	155.264	70.57900000000006	554
332.946	101.29899999999998	337.097	97.97800000000007	555
49.817	109.60199999999998	52.308	113.75400000000002	556
15.775	188.48000000000002	20.757	186.81900000000007	557
11.624	97.14800000000002	16.606	96.31799999999998	558
69.744	151.947	74.726	152.77700000000004	559
78.877	191.80100000000004	83.859	192.63099999999997	560
93.823	231.65499999999997	94.653	236.63600000000008	561
107.938	144.47400000000005	108.768	149.45600000000002	562
108.768	133.68100000000004	113.75	132.85000000000002	563
111.259	179.34699999999998	115.41	181.00700000000006	564
154.434	149.45600000000002	155.264	144.47400000000005	565
159.415	83.86300000000006	164.397	83.03300000000002	566
205.081	76.39100000000008	205.912	81.37200000000007	567
225.008	143.644	225.839	148.62599999999998	568
427.599	312.193	432.581	313.023	569
432.581	313.023	437.562	312.193	570
15.775	231.65499999999997	17.436	228.33400000000006	571
36.533	228.33400000000006	38.193	225.01200000000006	572
57.29	82.20299999999997	59.781	78.05100000000004	573
59.781	228.33400000000006	63.932	230.82400000000007	574
198.439	139.49300000000005	202.591	141.98400000000004	575
221.687	45.67000000000007	224.178	49.821000000000026	576
231.651	192.63099999999997	235.802	190.14	577
330.455	207.57600000000002	334.606	210.067	578
64.763	76.39100000000008	69.744	75.56000000000006	579
94.653	153.60800000000006	99.635	153.60800000000006	580
105.447	201.764	110.428	201.764	581
172.7	169.38300000000004	177.682	169.38300000000004	582
9.963	101.29899999999998	11.624	97.14800000000002	583
15.775	208.40700000000004	18.266	211.72800000000007	584
41.514	248.26100000000008	44.836	249.091	585
63.932	234.976	63.932	230.82400000000007	586
86.35	83.03300000000002	88.841	81.37200000000007	587
102.956	207.57600000000002	105.447	210.89800000000002	588
118.731	71.40899999999999	120.392	75.56000000000006	589
140.319	192.63099999999997	141.979	196.78300000000002	590
151.113	136.17200000000003	155.264	134.51100000000008	591
219.196	124.54700000000003	219.196	120.39600000000007	592
345.4	144.47400000000005	349.552	146.135	593
5.812	191.80100000000004	9.133	188.48000000000002	594
6.642	215.04899999999998	9.963	218.37	595
280.638	210.89800000000002	283.959	207.57600000000002	596
344.57	221.69100000000003	347.891	218.37	597
283.959	207.57600000000002	286.45	204.255	598
29.89	109.60199999999998	30.721	113.75400000000002	599
132.016	78.88200000000006	136.167	78.05100000000004	600
176.021	64.76700000000005	176.852	68.918	601
219.196	124.54700000000003	220.027	128.69900000000007	602
242.444	196.78300000000002	245.766	198.44299999999998	603
332.946	101.29899999999998	333.776	105.45100000000002	604
16.606	96.31799999999998	19.097	99.63900000000001	605
50.648	173.53500000000008	53.969	171.04399999999998	606
71.405	166.89200000000005	74.726	164.40100000000007	607
92.162	239.95800000000008	94.653	236.63600000000008	608
150.282	84.69400000000007	152.773	81.37200000000007	609
224.178	151.947	225.839	148.62599999999998	610
23.248	247.43000000000006	27.4	247.43000000000006	611
53.138	68.08800000000008	57.29	68.08800000000008	612
88.841	244.93900000000008	88.841	240.788	613
168.549	77.221	172.7	77.221	614
185.154	165.23199999999997	189.306	165.23199999999997	615
200.93	76.39100000000008	205.081	76.39100000000008	616
45.666	106.28100000000006	48.987	104.62099999999998	617
60.611	100.46900000000005	63.932	102.13	618
109.598	153.60800000000006	111.259	156.92899999999997	619
131.186	174.365	131.186	171.04399999999998	620
132.846	146.96500000000003	134.507	143.644	621
141.979	200.10400000000004	141.979	196.78300000000002	622
166.888	144.47400000000005	169.379	141.98400000000004	623
186.815	106.28100000000006	189.306	108.77200000000005	624
235.802	190.14	238.293	192.63099999999997	625
84.689	53.97300000000007	88.011	54.803	626
87.18	73.07000000000005	90.501	72.23900000000003	627
88.841	240.788	92.162	239.95800000000008	628
139.489	216.71000000000004	141.979	218.37	629
167.718	152.77700000000004	171.04	153.60800000000006	630
175.191	94.65700000000004	178.512	93.827	631
179.342	8.307000000000016	181.833	9.968000000000075	632
245.766	198.44299999999998	246.596	195.12200000000007	633
286.45	204.255	289.771	203.42500000000007	634
143.64	159.42000000000007	146.131	161.91000000000008	635
131.186	121.226	134.507	120.39600000000007	636
105.447	102.96000000000004	108.768	102.96000000000004	637
154.434	102.13	157.755	102.13	638
15.775	122.88700000000006	17.436	120.39600000000007	639
49.817	115.41399999999999	52.308	113.75400000000002	640
71.405	65.59699999999998	73.896	67.25800000000004	641
128.695	176.02499999999998	131.186	174.365	642
417.635	320.496	419.296	322.9870000000001	643
40.684	189.31000000000006	43.175	188.48000000000002	644
79.708	218.37	82.199	217.54000000000008	645
108.768	151.11700000000008	109.598	153.60800000000006	646
205.081	161.08000000000004	205.912	158.58900000000006	647
289.771	203.42500000000007	290.601	200.93400000000008	648
15.775	136.17200000000003	18.266	136.17200000000003	649
58.12	100.46900000000005	60.611	100.46900000000005	650
68.084	58.124000000000024	70.575	58.124000000000024	651
100.465	118.73500000000001	102.956	118.73500000000001	652
30.721	258.22400000000005	30.721	256.563	653
48.987	104.62099999999998	48.987	102.96000000000004	654
108.768	151.11700000000008	108.768	149.45600000000002	655
123.713	145.30500000000006	125.374	145.30500000000006	656
